## budget과 RnD 만들기
> read.csv("budget.csv",header=F)
       V1     V2    V3     V4   V5     V6     V7     V8     V9    V10  V11    V12    V13    V14    V15    V16  V17
1   816.0  450.0    NA  700.0   NA  190.0 1134.0  630.0     NA  300.0   NA  160.0 1689.0  721.0     NA  150.0   NA
2   459.0  573.0   4.0  243.0   NA     NA     NA     NA     NA     NA   NA  290.9  807.8  697.2     NA  438.8   NA
3   222.0 1042.0    NA  518.0   NA  409.0  403.0 1154.0     NA  705.0   NA  247.0  563.0  787.0     NA  550.0   NA
4      NA  725.0 120.0  740.0   NA  746.0     NA 1951.0  184.0 2831.0   NA  679.0  640.0 1084.0   66.0 1051.0   NA
5   788.0  227.0  50.0  436.0   NA   63.0 1309.0  953.0     NA  826.0   NA  167.0  986.0  919.0  400.0  500.0   NA
6   297.0  914.0    NA     NA   NA  359.0  380.0 1280.0     NA     NA   NA  320.2  375.8 1389.4     NA     NA   NA
7   685.8  410.8 113.8  314.0   NA  258.5 1129.5 1999.0     NA  303.3   NA  155.0  171.0 1528.0     NA  297.0   NA
8   527.0    0.0    NA  243.0   NA  636.0  519.0   99.0     NA  260.0   NA  518.0  513.0  127.0     NA  277.0   NA
9    82.0  226.0    NA     NA   NA  548.0 1350.0 1592.0     NA     NA   NA  444.0 1050.0  280.0   45.0     NA   NA
10  775.0   61.0    NA     NA   NA  119.0  451.0 1145.0  205.0     NA   NA  237.0     NA 1659.0  492.0     NA   NA
11  514.0  336.0 160.0  600.0   NA  280.0 1209.5  767.0  138.0  467.0   NA  235.0  998.0  376.0  123.0   44.0  243
12  150.0  322.0  42.0  516.0   NA  541.0  392.0 1169.0  187.0  961.0   NA  359.0   88.0 1629.0  100.0  915.0   NA
13    0.0  553.7    NA     NA   NA     NA     NA     NA     NA     NA   NA   80.0  439.0 1590.0   68.0  100.0   NA
14     NA  397.0    NA  240.0   NA  175.0     NA  664.0     NA  907.0   NA  134.0     NA  957.0   32.0 1405.0   NA
15 1325.0  750.0    NA     NA   NA  202.0 2113.0  573.0     NA     NA   NA  146.0 2375.0  470.0     NA     NA   NA
16  235.0  160.0  56.0  312.0   NA  510.0  352.0  901.0  250.0  415.0   NA  418.0     NA  865.0  235.0  571.0   NA
17  113.8  634.8  34.8  145.1   NA  225.1  204.0 1008.4  317.0  237.6   NA  286.7  240.9  536.2   91.0  245.2   NA
18   54.0  171.0   0.0   14.0   NA  304.0 1205.0  685.0   30.0  246.0   NA  412.0  344.0 1048.0     NA  286.0   NA
19  207.0  353.0 250.0  654.0   NA  260.0  346.0 1708.0  118.0  255.0   NA  228.4  110.0  903.9   10.0  294.8   NA
20  120.0     NA    NA  919.0   NA  325.0  907.0  754.0     NA  765.0   NA  297.0  710.0 1000.8     NA 1073.3   NA
21     NA  513.0    NA  650.0   NA  169.0     NA  968.0     NA  843.0   NA  246.0     NA 1013.0     NA  506.0   NA
22 1534.0   98.0    NA  450.0   NA  260.0  847.0  792.0     NA  450.0   NA  208.0 2316.0  310.0     NA  450.0   NA
23     NA  112.0    NA  759.0   NA  690.0     NA  372.0     NA 2441.0   NA  352.0     NA  213.0     NA 1123.0   NA
24  264.0     NA    NA   86.0   NA   98.0  548.0  245.0     NA   44.0   NA  119.0  311.0  318.0     NA   82.0   NA
25  181.6  232.9 224.2  108.0   NA  305.0  176.0  256.0  250.0  705.0   NA  232.0  602.4  745.9   20.0  226.7   NA
26  222.0 1109.0   0.0   79.0   NA  400.0  219.0 2149.0    0.0   79.0   NA  410.0  245.0 1330.0   25.0   20.0   NA
27  649.9  392.6 272.5     NA  262  196.0 1602.0  800.0  296.0     NA  299   48.0 1562.0  560.0  134.0     NA  215
28  190.0  252.0    NA  501.0   NA  340.0  810.0 2758.0     NA  240.0   NA  310.0  620.0 1903.0     NA  610.0   NA
29  652.6  990.0 151.0   21.0   NA  329.0  579.0 1079.0  403.0  182.0   NA  247.0  271.0 1825.0  269.0  270.0   NA
30     NA     NA    NA     NA   NA 3432.0     NA     NA     NA  591.0   NA 2525.0     NA     NA     NA     NA   NA
31   38.0   31.0   0.0  131.0   NA   75.0 1192.0 1891.0    0.0  433.0   NA   40.1 1113.7 1404.3  549.0  756.0   NA
32     NA  217.0    NA     NA   NA   96.0     NA 3948.0     NA     NA   NA  172.0     NA 1846.0     NA     NA   NA
33 1639.0  216.0  16.0     NA   NA  410.0 1185.0  318.0  578.0     NA   NA  368.0 1223.7  379.0 1533.0     NA   NA
34 1008.0  184.0 137.0    0.0   NA  512.0 1256.0  618.0 1283.0  500.0   NA  744.0 1407.0  313.0  426.0  145.0   NA
35     NA   73.0    NA  325.0   NA  288.0     NA  705.0   55.0 1174.0   NA  142.3  427.0  187.0     NA  819.0   NA
36  424.0  740.0 362.0   76.0   NA   60.0  633.7  797.6  326.0  152.0   NA   45.0  453.0  794.0  304.0  152.0   NA
37  230.0  426.0   0.0  378.0   NA  138.0  555.0  599.0  143.0  569.0   NA  206.5  300.9  620.1   80.8  507.2   NA
38     NA 1477.0 280.0  112.0   NA  220.0     NA 1299.0  439.0  803.0   NA  674.0     NA 1224.0  308.0  230.0   NA
39  122.0  321.0    NA     NA  200  961.0  257.0 1516.0     NA     NA  200 1442.6  284.7  779.4  300.0     NA   NA
40     NA     NA    NA     NA   NA     NA     NA     NA     NA     NA   NA   38.0  687.0  328.0  210.0  119.0  330
41  118.0  387.0  14.0  355.0   NA  153.0  310.0  695.0   44.0 1392.0   NA   79.0   46.4  877.9     NA 1136.0   NA
42 1520.0  383.0 108.0  280.0   NA  272.0 1760.0  388.0  130.0   73.0   NA  209.6 1304.2  744.2   17.0  549.5   NA
43  893.0  746.0    NA     NA   NA  295.0 1452.0  839.0  174.0     NA   NA  295.0 1705.0  685.0  300.0     NA   NA
44  544.0  287.0 202.0     NA   NA  200.0 1035.0  709.0  195.0     NA   NA  201.0  605.0  554.0   87.0     NA   NA
45   53.0 1026.0    NA     NA   NA  388.0  142.0 1339.0     NA     NA   NA  330.0  139.0 1264.0     NA     NA   NA
46  302.0  710.0 200.0   27.0   NA  331.0  730.0  646.0  100.0  210.0   NA  480.3  481.1  686.7  100.0  100.0   NA
47  280.0 1044.0 200.0     NA   NA  253.0  250.0 1110.0  303.0     NA   NA  283.0  250.0 1209.0  128.0     NA   NA
48  715.0  525.3 118.5  347.9   NA  261.7 1393.7  665.2  102.0  400.0   NA  219.0 1270.0 1404.0     NA  350.0   NA
49     NA   72.0    NA 1378.0   NA  630.0     NA 1146.0     NA 1228.0   NA  774.0     NA 1118.0     NA  265.0   NA
50     NA  363.0    NA   41.0 1000  120.0     NA     NA     NA 1485.0 1000   46.4     NA     NA     NA 3244.0 1000
51   12.0   46.5  10.0    6.7   NA  301.4   58.0  181.4  193.3   69.3   NA  268.0 2062.0 1269.0  395.0   47.0   NA
52 1624.0  147.0 150.0   75.0   NA  188.0  544.0  600.0  129.0  755.0   NA   85.0  512.0  334.0     NA  322.0   NA
53    0.0   81.0    NA 1190.0  927  146.0  100.0  172.0     NA 1293.0  933  203.0     NA  140.0     NA 2041.0  773
54  556.0  306.0   0.0  400.0   NA  288.0  681.0  209.0   30.0  779.0   NA  251.0  771.4  397.0   21.0  768.0   NA
> budget<-read.csv("budget.csv",header=F)
## NA를 0으로 바꾸는 문제
> is.na(budget)
         V1    V2    V3    V4    V5    V6    V7    V8    V9   V10   V11   V12   V13   V14   V15   V16   V17
 [1,] FALSE FALSE  TRUE FALSE  TRUE FALSE FALSE FALSE  TRUE FALSE  TRUE FALSE FALSE FALSE  TRUE FALSE  TRUE
 [2,] FALSE FALSE FALSE FALSE  TRUE  TRUE  TRUE  TRUE  TRUE  TRUE  TRUE FALSE FALSE FALSE  TRUE FALSE  TRUE
 [3,] FALSE FALSE  TRUE FALSE  TRUE FALSE FALSE FALSE  TRUE FALSE  TRUE FALSE FALSE FALSE  TRUE FALSE  TRUE
 [4,]  TRUE FALSE FALSE FALSE  TRUE FALSE  TRUE FALSE FALSE FALSE  TRUE FALSE FALSE FALSE FALSE FALSE  TRUE
 [5,] FALSE FALSE FALSE FALSE  TRUE FALSE FALSE FALSE  TRUE FALSE  TRUE FALSE FALSE FALSE FALSE FALSE  TRUE
 [6,] FALSE FALSE  TRUE  TRUE  TRUE FALSE FALSE FALSE  TRUE  TRUE  TRUE FALSE FALSE FALSE  TRUE  TRUE  TRUE
 [7,] FALSE FALSE FALSE FALSE  TRUE FALSE FALSE FALSE  TRUE FALSE  TRUE FALSE FALSE FALSE  TRUE FALSE  TRUE
 [8,] FALSE FALSE  TRUE FALSE  TRUE FALSE FALSE FALSE  TRUE FALSE  TRUE FALSE FALSE FALSE  TRUE FALSE  TRUE
 [9,] FALSE FALSE  TRUE  TRUE  TRUE FALSE FALSE FALSE  TRUE  TRUE  TRUE FALSE FALSE FALSE FALSE  TRUE  TRUE
[10,] FALSE FALSE  TRUE  TRUE  TRUE FALSE FALSE FALSE FALSE  TRUE  TRUE FALSE  TRUE FALSE FALSE  TRUE  TRUE
[11,] FALSE FALSE FALSE FALSE  TRUE FALSE FALSE FALSE FALSE FALSE  TRUE FALSE FALSE FALSE FALSE FALSE FALSE
[12,] FALSE FALSE FALSE FALSE  TRUE FALSE FALSE FALSE FALSE FALSE  TRUE FALSE FALSE FALSE FALSE FALSE  TRUE
[13,] FALSE FALSE  TRUE  TRUE  TRUE  TRUE  TRUE  TRUE  TRUE  TRUE  TRUE FALSE FALSE FALSE FALSE FALSE  TRUE
[14,]  TRUE FALSE  TRUE FALSE  TRUE FALSE  TRUE FALSE  TRUE FALSE  TRUE FALSE  TRUE FALSE FALSE FALSE  TRUE
[15,] FALSE FALSE  TRUE  TRUE  TRUE FALSE FALSE FALSE  TRUE  TRUE  TRUE FALSE FALSE FALSE  TRUE  TRUE  TRUE
[16,] FALSE FALSE FALSE FALSE  TRUE FALSE FALSE FALSE FALSE FALSE  TRUE FALSE  TRUE FALSE FALSE FALSE  TRUE
[17,] FALSE FALSE FALSE FALSE  TRUE FALSE FALSE FALSE FALSE FALSE  TRUE FALSE FALSE FALSE FALSE FALSE  TRUE
[18,] FALSE FALSE FALSE FALSE  TRUE FALSE FALSE FALSE FALSE FALSE  TRUE FALSE FALSE FALSE  TRUE FALSE  TRUE
[19,] FALSE FALSE FALSE FALSE  TRUE FALSE FALSE FALSE FALSE FALSE  TRUE FALSE FALSE FALSE FALSE FALSE  TRUE
[20,] FALSE  TRUE  TRUE FALSE  TRUE FALSE FALSE FALSE  TRUE FALSE  TRUE FALSE FALSE FALSE  TRUE FALSE  TRUE
[21,]  TRUE FALSE  TRUE FALSE  TRUE FALSE  TRUE FALSE  TRUE FALSE  TRUE FALSE  TRUE FALSE  TRUE FALSE  TRUE
[22,] FALSE FALSE  TRUE FALSE  TRUE FALSE FALSE FALSE  TRUE FALSE  TRUE FALSE FALSE FALSE  TRUE FALSE  TRUE
[23,]  TRUE FALSE  TRUE FALSE  TRUE FALSE  TRUE FALSE  TRUE FALSE  TRUE FALSE  TRUE FALSE  TRUE FALSE  TRUE
[24,] FALSE  TRUE  TRUE FALSE  TRUE FALSE FALSE FALSE  TRUE FALSE  TRUE FALSE FALSE FALSE  TRUE FALSE  TRUE
[25,] FALSE FALSE FALSE FALSE  TRUE FALSE FALSE FALSE FALSE FALSE  TRUE FALSE FALSE FALSE FALSE FALSE  TRUE
[26,] FALSE FALSE FALSE FALSE  TRUE FALSE FALSE FALSE FALSE FALSE  TRUE FALSE FALSE FALSE FALSE FALSE  TRUE
[27,] FALSE FALSE FALSE  TRUE FALSE FALSE FALSE FALSE FALSE  TRUE FALSE FALSE FALSE FALSE FALSE  TRUE FALSE
[28,] FALSE FALSE  TRUE FALSE  TRUE FALSE FALSE FALSE  TRUE FALSE  TRUE FALSE FALSE FALSE  TRUE FALSE  TRUE
[29,] FALSE FALSE FALSE FALSE  TRUE FALSE FALSE FALSE FALSE FALSE  TRUE FALSE FALSE FALSE FALSE FALSE  TRUE
[30,]  TRUE  TRUE  TRUE  TRUE  TRUE FALSE  TRUE  TRUE  TRUE FALSE  TRUE FALSE  TRUE  TRUE  TRUE  TRUE  TRUE
[31,] FALSE FALSE FALSE FALSE  TRUE FALSE FALSE FALSE FALSE FALSE  TRUE FALSE FALSE FALSE FALSE FALSE  TRUE
[32,]  TRUE FALSE  TRUE  TRUE  TRUE FALSE  TRUE FALSE  TRUE  TRUE  TRUE FALSE  TRUE FALSE  TRUE  TRUE  TRUE
[33,] FALSE FALSE FALSE  TRUE  TRUE FALSE FALSE FALSE FALSE  TRUE  TRUE FALSE FALSE FALSE FALSE  TRUE  TRUE
[34,] FALSE FALSE FALSE FALSE  TRUE FALSE FALSE FALSE FALSE FALSE  TRUE FALSE FALSE FALSE FALSE FALSE  TRUE
[35,]  TRUE FALSE  TRUE FALSE  TRUE FALSE  TRUE FALSE FALSE FALSE  TRUE FALSE FALSE FALSE  TRUE FALSE  TRUE
[36,] FALSE FALSE FALSE FALSE  TRUE FALSE FALSE FALSE FALSE FALSE  TRUE FALSE FALSE FALSE FALSE FALSE  TRUE
[37,] FALSE FALSE FALSE FALSE  TRUE FALSE FALSE FALSE FALSE FALSE  TRUE FALSE FALSE FALSE FALSE FALSE  TRUE
[38,]  TRUE FALSE FALSE FALSE  TRUE FALSE  TRUE FALSE FALSE FALSE  TRUE FALSE  TRUE FALSE FALSE FALSE  TRUE
[39,] FALSE FALSE  TRUE  TRUE FALSE FALSE FALSE FALSE  TRUE  TRUE FALSE FALSE FALSE FALSE FALSE  TRUE  TRUE
[40,]  TRUE  TRUE  TRUE  TRUE  TRUE  TRUE  TRUE  TRUE  TRUE  TRUE  TRUE FALSE FALSE FALSE FALSE FALSE FALSE
[41,] FALSE FALSE FALSE FALSE  TRUE FALSE FALSE FALSE FALSE FALSE  TRUE FALSE FALSE FALSE  TRUE FALSE  TRUE
[42,] FALSE FALSE FALSE FALSE  TRUE FALSE FALSE FALSE FALSE FALSE  TRUE FALSE FALSE FALSE FALSE FALSE  TRUE
[43,] FALSE FALSE  TRUE  TRUE  TRUE FALSE FALSE FALSE FALSE  TRUE  TRUE FALSE FALSE FALSE FALSE  TRUE  TRUE
[44,] FALSE FALSE FALSE  TRUE  TRUE FALSE FALSE FALSE FALSE  TRUE  TRUE FALSE FALSE FALSE FALSE  TRUE  TRUE
[45,] FALSE FALSE  TRUE  TRUE  TRUE FALSE FALSE FALSE  TRUE  TRUE  TRUE FALSE FALSE FALSE  TRUE  TRUE  TRUE
[46,] FALSE FALSE FALSE FALSE  TRUE FALSE FALSE FALSE FALSE FALSE  TRUE FALSE FALSE FALSE FALSE FALSE  TRUE
[47,] FALSE FALSE FALSE  TRUE  TRUE FALSE FALSE FALSE FALSE  TRUE  TRUE FALSE FALSE FALSE FALSE  TRUE  TRUE
[48,] FALSE FALSE FALSE FALSE  TRUE FALSE FALSE FALSE FALSE FALSE  TRUE FALSE FALSE FALSE  TRUE FALSE  TRUE
[49,]  TRUE FALSE  TRUE FALSE  TRUE FALSE  TRUE FALSE  TRUE FALSE  TRUE FALSE  TRUE FALSE  TRUE FALSE  TRUE
[50,]  TRUE FALSE  TRUE FALSE FALSE FALSE  TRUE  TRUE  TRUE FALSE FALSE FALSE  TRUE  TRUE  TRUE FALSE FALSE
[51,] FALSE FALSE FALSE FALSE  TRUE FALSE FALSE FALSE FALSE FALSE  TRUE FALSE FALSE FALSE FALSE FALSE  TRUE
[52,] FALSE FALSE FALSE FALSE  TRUE FALSE FALSE FALSE FALSE FALSE  TRUE FALSE FALSE FALSE  TRUE FALSE  TRUE
[53,] FALSE FALSE  TRUE FALSE FALSE FALSE FALSE FALSE  TRUE FALSE FALSE FALSE  TRUE FALSE  TRUE FALSE FALSE
[54,] FALSE FALSE FALSE FALSE  TRUE FALSE FALSE FALSE FALSE FALSE  TRUE FALSE FALSE FALSE FALSE FALSE  TRUE
## budget의 각 열에는 ifelse함수가 잘 적용.
> ifelse(is.na(budget[,1]),0,budget[,1])
 [1]  816.0  459.0  222.0    0.0  788.0  297.0  685.8  527.0   82.0  775.0  514.0  150.0    0.0    0.0 1325.0  235.0  113.8   54.0  207.0  120.0    0.0 1534.0    0.0  264.0  181.6  222.0  649.9
[28]  190.0  652.6    0.0   38.0    0.0 1639.0 1008.0    0.0  424.0  230.0    0.0  122.0    0.0  118.0 1520.0  893.0  544.0   53.0  302.0  280.0  715.0    0.0    0.0   12.0 1624.0    0.0  556.0
> budget
       V1     V2    V3     V4   V5     V6     V7     V8     V9    V10  V11    V12    V13    V14    V15    V16  V17
1   816.0  450.0    NA  700.0   NA  190.0 1134.0  630.0     NA  300.0   NA  160.0 1689.0  721.0     NA  150.0   NA
2   459.0  573.0   4.0  243.0   NA     NA     NA     NA     NA     NA   NA  290.9  807.8  697.2     NA  438.8   NA
3   222.0 1042.0    NA  518.0   NA  409.0  403.0 1154.0     NA  705.0   NA  247.0  563.0  787.0     NA  550.0   NA
4      NA  725.0 120.0  740.0   NA  746.0     NA 1951.0  184.0 2831.0   NA  679.0  640.0 1084.0   66.0 1051.0   NA
5   788.0  227.0  50.0  436.0   NA   63.0 1309.0  953.0     NA  826.0   NA  167.0  986.0  919.0  400.0  500.0   NA
6   297.0  914.0    NA     NA   NA  359.0  380.0 1280.0     NA     NA   NA  320.2  375.8 1389.4     NA     NA   NA
7   685.8  410.8 113.8  314.0   NA  258.5 1129.5 1999.0     NA  303.3   NA  155.0  171.0 1528.0     NA  297.0   NA
8   527.0    0.0    NA  243.0   NA  636.0  519.0   99.0     NA  260.0   NA  518.0  513.0  127.0     NA  277.0   NA
9    82.0  226.0    NA     NA   NA  548.0 1350.0 1592.0     NA     NA   NA  444.0 1050.0  280.0   45.0     NA   NA
10  775.0   61.0    NA     NA   NA  119.0  451.0 1145.0  205.0     NA   NA  237.0     NA 1659.0  492.0     NA   NA
11  514.0  336.0 160.0  600.0   NA  280.0 1209.5  767.0  138.0  467.0   NA  235.0  998.0  376.0  123.0   44.0  243
12  150.0  322.0  42.0  516.0   NA  541.0  392.0 1169.0  187.0  961.0   NA  359.0   88.0 1629.0  100.0  915.0   NA
13    0.0  553.7    NA     NA   NA     NA     NA     NA     NA     NA   NA   80.0  439.0 1590.0   68.0  100.0   NA
14     NA  397.0    NA  240.0   NA  175.0     NA  664.0     NA  907.0   NA  134.0     NA  957.0   32.0 1405.0   NA
15 1325.0  750.0    NA     NA   NA  202.0 2113.0  573.0     NA     NA   NA  146.0 2375.0  470.0     NA     NA   NA
16  235.0  160.0  56.0  312.0   NA  510.0  352.0  901.0  250.0  415.0   NA  418.0     NA  865.0  235.0  571.0   NA
17  113.8  634.8  34.8  145.1   NA  225.1  204.0 1008.4  317.0  237.6   NA  286.7  240.9  536.2   91.0  245.2   NA
18   54.0  171.0   0.0   14.0   NA  304.0 1205.0  685.0   30.0  246.0   NA  412.0  344.0 1048.0     NA  286.0   NA
19  207.0  353.0 250.0  654.0   NA  260.0  346.0 1708.0  118.0  255.0   NA  228.4  110.0  903.9   10.0  294.8   NA
20  120.0     NA    NA  919.0   NA  325.0  907.0  754.0     NA  765.0   NA  297.0  710.0 1000.8     NA 1073.3   NA
21     NA  513.0    NA  650.0   NA  169.0     NA  968.0     NA  843.0   NA  246.0     NA 1013.0     NA  506.0   NA
22 1534.0   98.0    NA  450.0   NA  260.0  847.0  792.0     NA  450.0   NA  208.0 2316.0  310.0     NA  450.0   NA
23     NA  112.0    NA  759.0   NA  690.0     NA  372.0     NA 2441.0   NA  352.0     NA  213.0     NA 1123.0   NA
24  264.0     NA    NA   86.0   NA   98.0  548.0  245.0     NA   44.0   NA  119.0  311.0  318.0     NA   82.0   NA
25  181.6  232.9 224.2  108.0   NA  305.0  176.0  256.0  250.0  705.0   NA  232.0  602.4  745.9   20.0  226.7   NA
26  222.0 1109.0   0.0   79.0   NA  400.0  219.0 2149.0    0.0   79.0   NA  410.0  245.0 1330.0   25.0   20.0   NA
27  649.9  392.6 272.5     NA  262  196.0 1602.0  800.0  296.0     NA  299   48.0 1562.0  560.0  134.0     NA  215
28  190.0  252.0    NA  501.0   NA  340.0  810.0 2758.0     NA  240.0   NA  310.0  620.0 1903.0     NA  610.0   NA
29  652.6  990.0 151.0   21.0   NA  329.0  579.0 1079.0  403.0  182.0   NA  247.0  271.0 1825.0  269.0  270.0   NA
30     NA     NA    NA     NA   NA 3432.0     NA     NA     NA  591.0   NA 2525.0     NA     NA     NA     NA   NA
31   38.0   31.0   0.0  131.0   NA   75.0 1192.0 1891.0    0.0  433.0   NA   40.1 1113.7 1404.3  549.0  756.0   NA
32     NA  217.0    NA     NA   NA   96.0     NA 3948.0     NA     NA   NA  172.0     NA 1846.0     NA     NA   NA
33 1639.0  216.0  16.0     NA   NA  410.0 1185.0  318.0  578.0     NA   NA  368.0 1223.7  379.0 1533.0     NA   NA
34 1008.0  184.0 137.0    0.0   NA  512.0 1256.0  618.0 1283.0  500.0   NA  744.0 1407.0  313.0  426.0  145.0   NA
35     NA   73.0    NA  325.0   NA  288.0     NA  705.0   55.0 1174.0   NA  142.3  427.0  187.0     NA  819.0   NA
36  424.0  740.0 362.0   76.0   NA   60.0  633.7  797.6  326.0  152.0   NA   45.0  453.0  794.0  304.0  152.0   NA
37  230.0  426.0   0.0  378.0   NA  138.0  555.0  599.0  143.0  569.0   NA  206.5  300.9  620.1   80.8  507.2   NA
38     NA 1477.0 280.0  112.0   NA  220.0     NA 1299.0  439.0  803.0   NA  674.0     NA 1224.0  308.0  230.0   NA
39  122.0  321.0    NA     NA  200  961.0  257.0 1516.0     NA     NA  200 1442.6  284.7  779.4  300.0     NA   NA
40     NA     NA    NA     NA   NA     NA     NA     NA     NA     NA   NA   38.0  687.0  328.0  210.0  119.0  330
41  118.0  387.0  14.0  355.0   NA  153.0  310.0  695.0   44.0 1392.0   NA   79.0   46.4  877.9     NA 1136.0   NA
42 1520.0  383.0 108.0  280.0   NA  272.0 1760.0  388.0  130.0   73.0   NA  209.6 1304.2  744.2   17.0  549.5   NA
43  893.0  746.0    NA     NA   NA  295.0 1452.0  839.0  174.0     NA   NA  295.0 1705.0  685.0  300.0     NA   NA
44  544.0  287.0 202.0     NA   NA  200.0 1035.0  709.0  195.0     NA   NA  201.0  605.0  554.0   87.0     NA   NA
45   53.0 1026.0    NA     NA   NA  388.0  142.0 1339.0     NA     NA   NA  330.0  139.0 1264.0     NA     NA   NA
46  302.0  710.0 200.0   27.0   NA  331.0  730.0  646.0  100.0  210.0   NA  480.3  481.1  686.7  100.0  100.0   NA
47  280.0 1044.0 200.0     NA   NA  253.0  250.0 1110.0  303.0     NA   NA  283.0  250.0 1209.0  128.0     NA   NA
48  715.0  525.3 118.5  347.9   NA  261.7 1393.7  665.2  102.0  400.0   NA  219.0 1270.0 1404.0     NA  350.0   NA
49     NA   72.0    NA 1378.0   NA  630.0     NA 1146.0     NA 1228.0   NA  774.0     NA 1118.0     NA  265.0   NA
50     NA  363.0    NA   41.0 1000  120.0     NA     NA     NA 1485.0 1000   46.4     NA     NA     NA 3244.0 1000
51   12.0   46.5  10.0    6.7   NA  301.4   58.0  181.4  193.3   69.3   NA  268.0 2062.0 1269.0  395.0   47.0   NA
52 1624.0  147.0 150.0   75.0   NA  188.0  544.0  600.0  129.0  755.0   NA   85.0  512.0  334.0     NA  322.0   NA
53    0.0   81.0    NA 1190.0  927  146.0  100.0  172.0     NA 1293.0  933  203.0     NA  140.0     NA 2041.0  773
54  556.0  306.0   0.0  400.0   NA  288.0  681.0  209.0   30.0  779.0   NA  251.0  771.4  397.0   21.0  768.0   NA
> sapply(1:18, function(i) ifelse(is.na(budget[,i]),0,budget[,i]))
이하에 에러`[.data.frame`(budget, , i) : 정의하지 않는 열이 선택되었습니다
## 때늦게 읽어들이는 과정에서 첫번쨰 열이 빠진 것을 발견함. sapply는 훌륭하게 작동.
> sapply(1:17, function(i) ifelse(is.na(budget[,i]),0,budget[,i]))
        [,1]   [,2]  [,3]   [,4] [,5]   [,6]   [,7]   [,8]   [,9]  [,10] [,11]  [,12]  [,13]  [,14]  [,15]  [,16] [,17]
 [1,]  816.0  450.0   0.0  700.0    0  190.0 1134.0  630.0    0.0  300.0     0  160.0 1689.0  721.0    0.0  150.0     0
 [2,]  459.0  573.0   4.0  243.0    0    0.0    0.0    0.0    0.0    0.0     0  290.9  807.8  697.2    0.0  438.8     0
 [3,]  222.0 1042.0   0.0  518.0    0  409.0  403.0 1154.0    0.0  705.0     0  247.0  563.0  787.0    0.0  550.0     0
 [4,]    0.0  725.0 120.0  740.0    0  746.0    0.0 1951.0  184.0 2831.0     0  679.0  640.0 1084.0   66.0 1051.0     0
 [5,]  788.0  227.0  50.0  436.0    0   63.0 1309.0  953.0    0.0  826.0     0  167.0  986.0  919.0  400.0  500.0     0
 [6,]  297.0  914.0   0.0    0.0    0  359.0  380.0 1280.0    0.0    0.0     0  320.2  375.8 1389.4    0.0    0.0     0
 [7,]  685.8  410.8 113.8  314.0    0  258.5 1129.5 1999.0    0.0  303.3     0  155.0  171.0 1528.0    0.0  297.0     0
 [8,]  527.0    0.0   0.0  243.0    0  636.0  519.0   99.0    0.0  260.0     0  518.0  513.0  127.0    0.0  277.0     0
 [9,]   82.0  226.0   0.0    0.0    0  548.0 1350.0 1592.0    0.0    0.0     0  444.0 1050.0  280.0   45.0    0.0     0
[10,]  775.0   61.0   0.0    0.0    0  119.0  451.0 1145.0  205.0    0.0     0  237.0    0.0 1659.0  492.0    0.0     0
[11,]  514.0  336.0 160.0  600.0    0  280.0 1209.5  767.0  138.0  467.0     0  235.0  998.0  376.0  123.0   44.0   243
[12,]  150.0  322.0  42.0  516.0    0  541.0  392.0 1169.0  187.0  961.0     0  359.0   88.0 1629.0  100.0  915.0     0
[13,]    0.0  553.7   0.0    0.0    0    0.0    0.0    0.0    0.0    0.0     0   80.0  439.0 1590.0   68.0  100.0     0
[14,]    0.0  397.0   0.0  240.0    0  175.0    0.0  664.0    0.0  907.0     0  134.0    0.0  957.0   32.0 1405.0     0
[15,] 1325.0  750.0   0.0    0.0    0  202.0 2113.0  573.0    0.0    0.0     0  146.0 2375.0  470.0    0.0    0.0     0
[16,]  235.0  160.0  56.0  312.0    0  510.0  352.0  901.0  250.0  415.0     0  418.0    0.0  865.0  235.0  571.0     0
[17,]  113.8  634.8  34.8  145.1    0  225.1  204.0 1008.4  317.0  237.6     0  286.7  240.9  536.2   91.0  245.2     0
[18,]   54.0  171.0   0.0   14.0    0  304.0 1205.0  685.0   30.0  246.0     0  412.0  344.0 1048.0    0.0  286.0     0
[19,]  207.0  353.0 250.0  654.0    0  260.0  346.0 1708.0  118.0  255.0     0  228.4  110.0  903.9   10.0  294.8     0
[20,]  120.0    0.0   0.0  919.0    0  325.0  907.0  754.0    0.0  765.0     0  297.0  710.0 1000.8    0.0 1073.3     0
[21,]    0.0  513.0   0.0  650.0    0  169.0    0.0  968.0    0.0  843.0     0  246.0    0.0 1013.0    0.0  506.0     0
[22,] 1534.0   98.0   0.0  450.0    0  260.0  847.0  792.0    0.0  450.0     0  208.0 2316.0  310.0    0.0  450.0     0
[23,]    0.0  112.0   0.0  759.0    0  690.0    0.0  372.0    0.0 2441.0     0  352.0    0.0  213.0    0.0 1123.0     0
[24,]  264.0    0.0   0.0   86.0    0   98.0  548.0  245.0    0.0   44.0     0  119.0  311.0  318.0    0.0   82.0     0
[25,]  181.6  232.9 224.2  108.0    0  305.0  176.0  256.0  250.0  705.0     0  232.0  602.4  745.9   20.0  226.7     0
[26,]  222.0 1109.0   0.0   79.0    0  400.0  219.0 2149.0    0.0   79.0     0  410.0  245.0 1330.0   25.0   20.0     0
[27,]  649.9  392.6 272.5    0.0  262  196.0 1602.0  800.0  296.0    0.0   299   48.0 1562.0  560.0  134.0    0.0   215
[28,]  190.0  252.0   0.0  501.0    0  340.0  810.0 2758.0    0.0  240.0     0  310.0  620.0 1903.0    0.0  610.0     0
[29,]  652.6  990.0 151.0   21.0    0  329.0  579.0 1079.0  403.0  182.0     0  247.0  271.0 1825.0  269.0  270.0     0
[30,]    0.0    0.0   0.0    0.0    0 3432.0    0.0    0.0    0.0  591.0     0 2525.0    0.0    0.0    0.0    0.0     0
[31,]   38.0   31.0   0.0  131.0    0   75.0 1192.0 1891.0    0.0  433.0     0   40.1 1113.7 1404.3  549.0  756.0     0
[32,]    0.0  217.0   0.0    0.0    0   96.0    0.0 3948.0    0.0    0.0     0  172.0    0.0 1846.0    0.0    0.0     0
[33,] 1639.0  216.0  16.0    0.0    0  410.0 1185.0  318.0  578.0    0.0     0  368.0 1223.7  379.0 1533.0    0.0     0
[34,] 1008.0  184.0 137.0    0.0    0  512.0 1256.0  618.0 1283.0  500.0     0  744.0 1407.0  313.0  426.0  145.0     0
[35,]    0.0   73.0   0.0  325.0    0  288.0    0.0  705.0   55.0 1174.0     0  142.3  427.0  187.0    0.0  819.0     0
[36,]  424.0  740.0 362.0   76.0    0   60.0  633.7  797.6  326.0  152.0     0   45.0  453.0  794.0  304.0  152.0     0
[37,]  230.0  426.0   0.0  378.0    0  138.0  555.0  599.0  143.0  569.0     0  206.5  300.9  620.1   80.8  507.2     0
[38,]    0.0 1477.0 280.0  112.0    0  220.0    0.0 1299.0  439.0  803.0     0  674.0    0.0 1224.0  308.0  230.0     0
[39,]  122.0  321.0   0.0    0.0  200  961.0  257.0 1516.0    0.0    0.0   200 1442.6  284.7  779.4  300.0    0.0     0
[40,]    0.0    0.0   0.0    0.0    0    0.0    0.0    0.0    0.0    0.0     0   38.0  687.0  328.0  210.0  119.0   330
[41,]  118.0  387.0  14.0  355.0    0  153.0  310.0  695.0   44.0 1392.0     0   79.0   46.4  877.9    0.0 1136.0     0
[42,] 1520.0  383.0 108.0  280.0    0  272.0 1760.0  388.0  130.0   73.0     0  209.6 1304.2  744.2   17.0  549.5     0
[43,]  893.0  746.0   0.0    0.0    0  295.0 1452.0  839.0  174.0    0.0     0  295.0 1705.0  685.0  300.0    0.0     0
[44,]  544.0  287.0 202.0    0.0    0  200.0 1035.0  709.0  195.0    0.0     0  201.0  605.0  554.0   87.0    0.0     0
[45,]   53.0 1026.0   0.0    0.0    0  388.0  142.0 1339.0    0.0    0.0     0  330.0  139.0 1264.0    0.0    0.0     0
[46,]  302.0  710.0 200.0   27.0    0  331.0  730.0  646.0  100.0  210.0     0  480.3  481.1  686.7  100.0  100.0     0
[47,]  280.0 1044.0 200.0    0.0    0  253.0  250.0 1110.0  303.0    0.0     0  283.0  250.0 1209.0  128.0    0.0     0
[48,]  715.0  525.3 118.5  347.9    0  261.7 1393.7  665.2  102.0  400.0     0  219.0 1270.0 1404.0    0.0  350.0     0
[49,]    0.0   72.0   0.0 1378.0    0  630.0    0.0 1146.0    0.0 1228.0     0  774.0    0.0 1118.0    0.0  265.0     0
[50,]    0.0  363.0   0.0   41.0 1000  120.0    0.0    0.0    0.0 1485.0  1000   46.4    0.0    0.0    0.0 3244.0  1000
[51,]   12.0   46.5  10.0    6.7    0  301.4   58.0  181.4  193.3   69.3     0  268.0 2062.0 1269.0  395.0   47.0     0
[52,] 1624.0  147.0 150.0   75.0    0  188.0  544.0  600.0  129.0  755.0     0   85.0  512.0  334.0    0.0  322.0     0
[53,]    0.0   81.0   0.0 1190.0  927  146.0  100.0  172.0    0.0 1293.0   933  203.0    0.0  140.0    0.0 2041.0   773
[54,]  556.0  306.0   0.0  400.0    0  288.0  681.0  209.0   30.0  779.0     0  251.0  771.4  397.0   21.0  768.0     0
> budget<-read.csv("budget.csv",header=F)
> budget
       V1     V2     V3    V4     V5     V6     V7     V8     V9    V10    V11    V12    V13    V14    V15    V16    V17  V18
1   125.3  975.0  788.4  60.0    0.0     NA  194.0 1220.0 1377.0   72.0  200.0     NA  198.0 1231.0 1143.0   40.0  100.0   NA
2    78.0    5.0  719.0 463.0  130.0     NA 1607.8    9.0  642.6  569.0  110.0     NA   37.0    0.0  749.0  342.0  397.0   NA
3   205.6  121.0  199.6 220.0     NA  765.7  203.0  574.0  355.1  220.0     NA 1351.0     NA  828.0     NA     NA     NA 1178
4   156.5  563.9  612.6    NA  174.7     NA  261.0  703.0 1358.0     NA  765.0     NA  187.0  551.0  619.0     NA 1977.0   NA
5    25.0  789.0 1175.0    NA   70.0     NA  100.0 1168.0  626.0     NA   70.0     NA     NA 1050.0 1382.0     NA  200.0   NA
6    38.8   15.0  646.2    NA  268.3     NA  591.5  342.6 2006.9     NA  862.6     NA  906.0  148.0 1546.0     NA 1582.0   NA
7    93.0  147.0     NA    NA     NA 1339.0  101.2  467.1  121.0     NA     NA 1490.4 2496.0     NA     NA     NA     NA   NA
8   429.0     NA  229.0  60.0  683.0     NA  393.0     NA  430.0   66.0  954.0     NA  403.6     NA  487.7  150.0  715.0   NA
9   308.0  148.0  173.0    NA     NA     NA  394.0 1303.0  469.0     NA   30.0     NA  364.0 4065.0  387.0   35.0     NA   NA
10  166.2    0.0  863.1    NA  203.7     NA  112.0     NA 1651.0     NA 1720.0     NA  170.0     NA 1028.0     NA 1063.0   NA
11  233.0  200.0  100.0    NA   95.0     NA     NA     NA     NA     NA     NA     NA    8.0  189.0  830.0     NA  890.0   NA
12  221.0  360.0  173.0   0.0  585.0     NA  322.0 1618.0  578.5  270.0  610.0     NA  308.0 1343.0  275.0  109.0  360.0   NA
13   28.0   36.0  750.0    NA  247.0     NA  226.0 2240.0  988.0   38.0  250.0     NA  157.0  877.0  711.0   50.0  200.0   NA
14  298.0  568.0  752.0    NA     NA     NA  146.0  630.0  979.0     NA   99.0     NA  139.0  541.0 1045.0     NA   98.0   NA
15  115.0  200.0  665.0    NA  252.0  100.0  309.0  556.0  601.0     NA 1294.0  150.0  266.0  468.0  481.0   27.0  554.0  150
16  196.0  576.0  542.6  29.2  190.0     NA  324.0 1292.0 1096.0  418.0  166.0     NA  268.0  482.0  802.0  708.0  207.0   NA
17  190.0  816.0  450.0    NA  700.0     NA  190.0 1134.0  630.0     NA  300.0     NA  160.0 1689.0  721.0     NA  150.0   NA
18  125.0  459.0  573.0   4.0  243.0     NA     NA     NA     NA     NA     NA     NA  290.9  807.8  697.2     NA  438.8   NA
19  222.0  222.0 1042.0    NA  518.0     NA  409.0  403.0 1154.0     NA  705.0     NA  247.0  563.0  787.0     NA  550.0   NA
20  324.0     NA  725.0 120.0  740.0     NA  746.0     NA 1951.0  184.0 2831.0     NA  679.0  640.0 1084.0   66.0 1051.0   NA
21   30.0  788.0  227.0  50.0  436.0     NA   63.0 1309.0  953.0     NA  826.0     NA  167.0  986.0  919.0  400.0  500.0   NA
22  357.0  297.0  914.0    NA     NA     NA  359.0  380.0 1280.0     NA     NA     NA  320.2  375.8 1389.4     NA     NA   NA
23  146.6  685.8  410.8 113.8  314.0     NA  258.5 1129.5 1999.0     NA  303.3     NA  155.0  171.0 1528.0     NA  297.0   NA
24  155.0  527.0    0.0    NA  243.0     NA  636.0  519.0   99.0     NA  260.0     NA  518.0  513.0  127.0     NA  277.0   NA
25  487.0   82.0  226.0    NA     NA     NA  548.0 1350.0 1592.0     NA     NA     NA  444.0 1050.0  280.0   45.0     NA   NA
26  103.0  775.0   61.0    NA     NA     NA  119.0  451.0 1145.0  205.0     NA     NA  237.0     NA 1659.0  492.0     NA   NA
27  257.0  514.0  336.0 160.0  600.0     NA  280.0 1209.5  767.0  138.0  467.0     NA  235.0  998.0  376.0  123.0   44.0  243
28  454.0  150.0  322.0  42.0  516.0     NA  541.0  392.0 1169.0  187.0  961.0     NA  359.0   88.0 1629.0  100.0  915.0   NA
29  267.3    0.0  553.7    NA     NA     NA     NA     NA     NA     NA     NA     NA   80.0  439.0 1590.0   68.0  100.0   NA
30  152.0     NA  397.0    NA  240.0     NA  175.0     NA  664.0     NA  907.0     NA  134.0     NA  957.0   32.0 1405.0   NA
31  215.0 1325.0  750.0    NA     NA     NA  202.0 2113.0  573.0     NA     NA     NA  146.0 2375.0  470.0     NA     NA   NA
32  261.0  235.0  160.0  56.0  312.0     NA  510.0  352.0  901.0  250.0  415.0     NA  418.0     NA  865.0  235.0  571.0   NA
33   23.5  113.8  634.8  34.8  145.1     NA  225.1  204.0 1008.4  317.0  237.6     NA  286.7  240.9  536.2   91.0  245.2   NA
34  101.0   54.0  171.0   0.0   14.0     NA  304.0 1205.0  685.0   30.0  246.0     NA  412.0  344.0 1048.0     NA  286.0   NA
35  240.0  207.0  353.0 250.0  654.0     NA  260.0  346.0 1708.0  118.0  255.0     NA  228.4  110.0  903.9   10.0  294.8   NA
36  257.0  120.0     NA    NA  919.0     NA  325.0  907.0  754.0     NA  765.0     NA  297.0  710.0 1000.8     NA 1073.3   NA
37   31.0     NA  513.0    NA  650.0     NA  169.0     NA  968.0     NA  843.0     NA  246.0     NA 1013.0     NA  506.0   NA
38  214.0 1534.0   98.0    NA  450.0     NA  260.0  847.0  792.0     NA  450.0     NA  208.0 2316.0  310.0     NA  450.0   NA
39  145.0     NA  112.0    NA  759.0     NA  690.0     NA  372.0     NA 2441.0     NA  352.0     NA  213.0     NA 1123.0   NA
40   43.0  264.0     NA    NA   86.0     NA   98.0  548.0  245.0     NA   44.0     NA  119.0  311.0  318.0     NA   82.0   NA
41  327.8  181.6  232.9 224.2  108.0     NA  305.0  176.0  256.0  250.0  705.0     NA  232.0  602.4  745.9   20.0  226.7   NA
42  310.0  222.0 1109.0   0.0   79.0     NA  400.0  219.0 2149.0    0.0   79.0     NA  410.0  245.0 1330.0   25.0   20.0   NA
43  159.6  649.9  392.6 272.5     NA  262.0  196.0 1602.0  800.0  296.0     NA  299.0   48.0 1562.0  560.0  134.0     NA  215
44   86.0  190.0  252.0    NA  501.0     NA  340.0  810.0 2758.0     NA  240.0     NA  310.0  620.0 1903.0     NA  610.0   NA
45  212.0  652.6  990.0 151.0   21.0     NA  329.0  579.0 1079.0  403.0  182.0     NA  247.0  271.0 1825.0  269.0  270.0   NA
46 1323.0     NA     NA    NA     NA     NA 3432.0     NA     NA     NA  591.0     NA 2525.0     NA     NA     NA     NA   NA
47   30.0   38.0   31.0   0.0  131.0     NA   75.0 1192.0 1891.0    0.0  433.0     NA   40.1 1113.7 1404.3  549.0  756.0   NA
48   42.0     NA  217.0    NA     NA     NA   96.0     NA 3948.0     NA     NA     NA  172.0     NA 1846.0     NA     NA   NA
49  518.0 1639.0  216.0  16.0     NA     NA  410.0 1185.0  318.0  578.0     NA     NA  368.0 1223.7  379.0 1533.0     NA   NA
50   53.0 1008.0  184.0 137.0    0.0     NA  512.0 1256.0  618.0 1283.0  500.0     NA  744.0 1407.0  313.0  426.0  145.0   NA
51  300.0     NA   73.0    NA  325.0     NA  288.0     NA  705.0   55.0 1174.0     NA  142.3  427.0  187.0     NA  819.0   NA
52   47.0  424.0  740.0 362.0   76.0     NA   60.0  633.7  797.6  326.0  152.0     NA   45.0  453.0  794.0  304.0  152.0   NA
53  112.0  230.0  426.0   0.0  378.0     NA  138.0  555.0  599.0  143.0  569.0     NA  206.5  300.9  620.1   80.8  507.2   NA
54  130.0     NA 1477.0 280.0  112.0     NA  220.0     NA 1299.0  439.0  803.0     NA  674.0     NA 1224.0  308.0  230.0   NA
55  990.0  122.0  321.0    NA     NA  200.0  961.0  257.0 1516.0     NA     NA  200.0 1442.6  284.7  779.4  300.0     NA   NA
56     NA     NA     NA    NA     NA     NA     NA     NA     NA     NA     NA     NA   38.0  687.0  328.0  210.0  119.0  330
57   63.0  118.0  387.0  14.0  355.0     NA  153.0  310.0  695.0   44.0 1392.0     NA   79.0   46.4  877.9     NA 1136.0   NA
58   80.0 1520.0  383.0 108.0  280.0     NA  272.0 1760.0  388.0  130.0   73.0     NA  209.6 1304.2  744.2   17.0  549.5   NA
59  208.0  893.0  746.0    NA     NA     NA  295.0 1452.0  839.0  174.0     NA     NA  295.0 1705.0  685.0  300.0     NA   NA
60   73.0  544.0  287.0 202.0     NA     NA  200.0 1035.0  709.0  195.0     NA     NA  201.0  605.0  554.0   87.0     NA   NA
61  290.0   53.0 1026.0    NA     NA     NA  388.0  142.0 1339.0     NA     NA     NA  330.0  139.0 1264.0     NA     NA   NA
62  174.0  302.0  710.0 200.0   27.0     NA  331.0  730.0  646.0  100.0  210.0     NA  480.3  481.1  686.7  100.0  100.0   NA
63  241.0  280.0 1044.0 200.0     NA     NA  253.0  250.0 1110.0  303.0     NA     NA  283.0  250.0 1209.0  128.0     NA   NA
64  143.5  715.0  525.3 118.5  347.9     NA  261.7 1393.7  665.2  102.0  400.0     NA  219.0 1270.0 1404.0     NA  350.0   NA
65   42.0     NA   72.0    NA 1378.0     NA  630.0     NA 1146.0     NA 1228.0     NA  774.0     NA 1118.0     NA  265.0   NA
66   69.0     NA  363.0    NA   41.0 1000.0  120.0     NA     NA     NA 1485.0 1000.0   46.4     NA     NA     NA 3244.0 1000
67    8.7   12.0   46.5  10.0    6.7     NA  301.4   58.0  181.4  193.3   69.3     NA  268.0 2062.0 1269.0  395.0   47.0   NA
68   56.0 1624.0  147.0 150.0   75.0     NA  188.0  544.0  600.0  129.0  755.0     NA   85.0  512.0  334.0     NA  322.0   NA
69   54.0    0.0   81.0    NA 1190.0  927.0  146.0  100.0  172.0     NA 1293.0  933.0  203.0     NA  140.0     NA 2041.0  773
70  237.0  556.0  306.0   0.0  400.0     NA  288.0  681.0  209.0   30.0  779.0     NA  251.0  771.4  397.0   21.0  768.0   NA
> sapply(1:18, function(i) ifelse(is.na(budget[,i]),0,budget[,i]))
        [,1]   [,2]   [,3]  [,4]   [,5]   [,6]   [,7]   [,8]   [,9]  [,10]  [,11]  [,12]  [,13]  [,14]  [,15]  [,16]  [,17] [,18]
 [1,]  125.3  975.0  788.4  60.0    0.0    0.0  194.0 1220.0 1377.0   72.0  200.0    0.0  198.0 1231.0 1143.0   40.0  100.0     0
 [2,]   78.0    5.0  719.0 463.0  130.0    0.0 1607.8    9.0  642.6  569.0  110.0    0.0   37.0    0.0  749.0  342.0  397.0     0
 [3,]  205.6  121.0  199.6 220.0    0.0  765.7  203.0  574.0  355.1  220.0    0.0 1351.0    0.0  828.0    0.0    0.0    0.0  1178
 [4,]  156.5  563.9  612.6   0.0  174.7    0.0  261.0  703.0 1358.0    0.0  765.0    0.0  187.0  551.0  619.0    0.0 1977.0     0
 [5,]   25.0  789.0 1175.0   0.0   70.0    0.0  100.0 1168.0  626.0    0.0   70.0    0.0    0.0 1050.0 1382.0    0.0  200.0     0
 [6,]   38.8   15.0  646.2   0.0  268.3    0.0  591.5  342.6 2006.9    0.0  862.6    0.0  906.0  148.0 1546.0    0.0 1582.0     0
 [7,]   93.0  147.0    0.0   0.0    0.0 1339.0  101.2  467.1  121.0    0.0    0.0 1490.4 2496.0    0.0    0.0    0.0    0.0     0
 [8,]  429.0    0.0  229.0  60.0  683.0    0.0  393.0    0.0  430.0   66.0  954.0    0.0  403.6    0.0  487.7  150.0  715.0     0
 [9,]  308.0  148.0  173.0   0.0    0.0    0.0  394.0 1303.0  469.0    0.0   30.0    0.0  364.0 4065.0  387.0   35.0    0.0     0
[10,]  166.2    0.0  863.1   0.0  203.7    0.0  112.0    0.0 1651.0    0.0 1720.0    0.0  170.0    0.0 1028.0    0.0 1063.0     0
[11,]  233.0  200.0  100.0   0.0   95.0    0.0    0.0    0.0    0.0    0.0    0.0    0.0    8.0  189.0  830.0    0.0  890.0     0
[12,]  221.0  360.0  173.0   0.0  585.0    0.0  322.0 1618.0  578.5  270.0  610.0    0.0  308.0 1343.0  275.0  109.0  360.0     0
[13,]   28.0   36.0  750.0   0.0  247.0    0.0  226.0 2240.0  988.0   38.0  250.0    0.0  157.0  877.0  711.0   50.0  200.0     0
[14,]  298.0  568.0  752.0   0.0    0.0    0.0  146.0  630.0  979.0    0.0   99.0    0.0  139.0  541.0 1045.0    0.0   98.0     0
[15,]  115.0  200.0  665.0   0.0  252.0  100.0  309.0  556.0  601.0    0.0 1294.0  150.0  266.0  468.0  481.0   27.0  554.0   150
[16,]  196.0  576.0  542.6  29.2  190.0    0.0  324.0 1292.0 1096.0  418.0  166.0    0.0  268.0  482.0  802.0  708.0  207.0     0
[17,]  190.0  816.0  450.0   0.0  700.0    0.0  190.0 1134.0  630.0    0.0  300.0    0.0  160.0 1689.0  721.0    0.0  150.0     0
[18,]  125.0  459.0  573.0   4.0  243.0    0.0    0.0    0.0    0.0    0.0    0.0    0.0  290.9  807.8  697.2    0.0  438.8     0
[19,]  222.0  222.0 1042.0   0.0  518.0    0.0  409.0  403.0 1154.0    0.0  705.0    0.0  247.0  563.0  787.0    0.0  550.0     0
[20,]  324.0    0.0  725.0 120.0  740.0    0.0  746.0    0.0 1951.0  184.0 2831.0    0.0  679.0  640.0 1084.0   66.0 1051.0     0
[21,]   30.0  788.0  227.0  50.0  436.0    0.0   63.0 1309.0  953.0    0.0  826.0    0.0  167.0  986.0  919.0  400.0  500.0     0
[22,]  357.0  297.0  914.0   0.0    0.0    0.0  359.0  380.0 1280.0    0.0    0.0    0.0  320.2  375.8 1389.4    0.0    0.0     0
[23,]  146.6  685.8  410.8 113.8  314.0    0.0  258.5 1129.5 1999.0    0.0  303.3    0.0  155.0  171.0 1528.0    0.0  297.0     0
[24,]  155.0  527.0    0.0   0.0  243.0    0.0  636.0  519.0   99.0    0.0  260.0    0.0  518.0  513.0  127.0    0.0  277.0     0
[25,]  487.0   82.0  226.0   0.0    0.0    0.0  548.0 1350.0 1592.0    0.0    0.0    0.0  444.0 1050.0  280.0   45.0    0.0     0
[26,]  103.0  775.0   61.0   0.0    0.0    0.0  119.0  451.0 1145.0  205.0    0.0    0.0  237.0    0.0 1659.0  492.0    0.0     0
[27,]  257.0  514.0  336.0 160.0  600.0    0.0  280.0 1209.5  767.0  138.0  467.0    0.0  235.0  998.0  376.0  123.0   44.0   243
[28,]  454.0  150.0  322.0  42.0  516.0    0.0  541.0  392.0 1169.0  187.0  961.0    0.0  359.0   88.0 1629.0  100.0  915.0     0
[29,]  267.3    0.0  553.7   0.0    0.0    0.0    0.0    0.0    0.0    0.0    0.0    0.0   80.0  439.0 1590.0   68.0  100.0     0
[30,]  152.0    0.0  397.0   0.0  240.0    0.0  175.0    0.0  664.0    0.0  907.0    0.0  134.0    0.0  957.0   32.0 1405.0     0
[31,]  215.0 1325.0  750.0   0.0    0.0    0.0  202.0 2113.0  573.0    0.0    0.0    0.0  146.0 2375.0  470.0    0.0    0.0     0
[32,]  261.0  235.0  160.0  56.0  312.0    0.0  510.0  352.0  901.0  250.0  415.0    0.0  418.0    0.0  865.0  235.0  571.0     0
[33,]   23.5  113.8  634.8  34.8  145.1    0.0  225.1  204.0 1008.4  317.0  237.6    0.0  286.7  240.9  536.2   91.0  245.2     0
[34,]  101.0   54.0  171.0   0.0   14.0    0.0  304.0 1205.0  685.0   30.0  246.0    0.0  412.0  344.0 1048.0    0.0  286.0     0
[35,]  240.0  207.0  353.0 250.0  654.0    0.0  260.0  346.0 1708.0  118.0  255.0    0.0  228.4  110.0  903.9   10.0  294.8     0
[36,]  257.0  120.0    0.0   0.0  919.0    0.0  325.0  907.0  754.0    0.0  765.0    0.0  297.0  710.0 1000.8    0.0 1073.3     0
[37,]   31.0    0.0  513.0   0.0  650.0    0.0  169.0    0.0  968.0    0.0  843.0    0.0  246.0    0.0 1013.0    0.0  506.0     0
[38,]  214.0 1534.0   98.0   0.0  450.0    0.0  260.0  847.0  792.0    0.0  450.0    0.0  208.0 2316.0  310.0    0.0  450.0     0
[39,]  145.0    0.0  112.0   0.0  759.0    0.0  690.0    0.0  372.0    0.0 2441.0    0.0  352.0    0.0  213.0    0.0 1123.0     0
[40,]   43.0  264.0    0.0   0.0   86.0    0.0   98.0  548.0  245.0    0.0   44.0    0.0  119.0  311.0  318.0    0.0   82.0     0
[41,]  327.8  181.6  232.9 224.2  108.0    0.0  305.0  176.0  256.0  250.0  705.0    0.0  232.0  602.4  745.9   20.0  226.7     0
[42,]  310.0  222.0 1109.0   0.0   79.0    0.0  400.0  219.0 2149.0    0.0   79.0    0.0  410.0  245.0 1330.0   25.0   20.0     0
[43,]  159.6  649.9  392.6 272.5    0.0  262.0  196.0 1602.0  800.0  296.0    0.0  299.0   48.0 1562.0  560.0  134.0    0.0   215
[44,]   86.0  190.0  252.0   0.0  501.0    0.0  340.0  810.0 2758.0    0.0  240.0    0.0  310.0  620.0 1903.0    0.0  610.0     0
[45,]  212.0  652.6  990.0 151.0   21.0    0.0  329.0  579.0 1079.0  403.0  182.0    0.0  247.0  271.0 1825.0  269.0  270.0     0
[46,] 1323.0    0.0    0.0   0.0    0.0    0.0 3432.0    0.0    0.0    0.0  591.0    0.0 2525.0    0.0    0.0    0.0    0.0     0
[47,]   30.0   38.0   31.0   0.0  131.0    0.0   75.0 1192.0 1891.0    0.0  433.0    0.0   40.1 1113.7 1404.3  549.0  756.0     0
[48,]   42.0    0.0  217.0   0.0    0.0    0.0   96.0    0.0 3948.0    0.0    0.0    0.0  172.0    0.0 1846.0    0.0    0.0     0
[49,]  518.0 1639.0  216.0  16.0    0.0    0.0  410.0 1185.0  318.0  578.0    0.0    0.0  368.0 1223.7  379.0 1533.0    0.0     0
[50,]   53.0 1008.0  184.0 137.0    0.0    0.0  512.0 1256.0  618.0 1283.0  500.0    0.0  744.0 1407.0  313.0  426.0  145.0     0
[51,]  300.0    0.0   73.0   0.0  325.0    0.0  288.0    0.0  705.0   55.0 1174.0    0.0  142.3  427.0  187.0    0.0  819.0     0
[52,]   47.0  424.0  740.0 362.0   76.0    0.0   60.0  633.7  797.6  326.0  152.0    0.0   45.0  453.0  794.0  304.0  152.0     0
[53,]  112.0  230.0  426.0   0.0  378.0    0.0  138.0  555.0  599.0  143.0  569.0    0.0  206.5  300.9  620.1   80.8  507.2     0
[54,]  130.0    0.0 1477.0 280.0  112.0    0.0  220.0    0.0 1299.0  439.0  803.0    0.0  674.0    0.0 1224.0  308.0  230.0     0
[55,]  990.0  122.0  321.0   0.0    0.0  200.0  961.0  257.0 1516.0    0.0    0.0  200.0 1442.6  284.7  779.4  300.0    0.0     0
[56,]    0.0    0.0    0.0   0.0    0.0    0.0    0.0    0.0    0.0    0.0    0.0    0.0   38.0  687.0  328.0  210.0  119.0   330
[57,]   63.0  118.0  387.0  14.0  355.0    0.0  153.0  310.0  695.0   44.0 1392.0    0.0   79.0   46.4  877.9    0.0 1136.0     0
[58,]   80.0 1520.0  383.0 108.0  280.0    0.0  272.0 1760.0  388.0  130.0   73.0    0.0  209.6 1304.2  744.2   17.0  549.5     0
[59,]  208.0  893.0  746.0   0.0    0.0    0.0  295.0 1452.0  839.0  174.0    0.0    0.0  295.0 1705.0  685.0  300.0    0.0     0
[60,]   73.0  544.0  287.0 202.0    0.0    0.0  200.0 1035.0  709.0  195.0    0.0    0.0  201.0  605.0  554.0   87.0    0.0     0
[61,]  290.0   53.0 1026.0   0.0    0.0    0.0  388.0  142.0 1339.0    0.0    0.0    0.0  330.0  139.0 1264.0    0.0    0.0     0
[62,]  174.0  302.0  710.0 200.0   27.0    0.0  331.0  730.0  646.0  100.0  210.0    0.0  480.3  481.1  686.7  100.0  100.0     0
[63,]  241.0  280.0 1044.0 200.0    0.0    0.0  253.0  250.0 1110.0  303.0    0.0    0.0  283.0  250.0 1209.0  128.0    0.0     0
[64,]  143.5  715.0  525.3 118.5  347.9    0.0  261.7 1393.7  665.2  102.0  400.0    0.0  219.0 1270.0 1404.0    0.0  350.0     0
[65,]   42.0    0.0   72.0   0.0 1378.0    0.0  630.0    0.0 1146.0    0.0 1228.0    0.0  774.0    0.0 1118.0    0.0  265.0     0
[66,]   69.0    0.0  363.0   0.0   41.0 1000.0  120.0    0.0    0.0    0.0 1485.0 1000.0   46.4    0.0    0.0    0.0 3244.0  1000
[67,]    8.7   12.0   46.5  10.0    6.7    0.0  301.4   58.0  181.4  193.3   69.3    0.0  268.0 2062.0 1269.0  395.0   47.0     0
[68,]   56.0 1624.0  147.0 150.0   75.0    0.0  188.0  544.0  600.0  129.0  755.0    0.0   85.0  512.0  334.0    0.0  322.0     0
[69,]   54.0    0.0   81.0   0.0 1190.0  927.0  146.0  100.0  172.0    0.0 1293.0  933.0  203.0    0.0  140.0    0.0 2041.0   773
[70,]  237.0  556.0  306.0   0.0  400.0    0.0  288.0  681.0  209.0   30.0  779.0    0.0  251.0  771.4  397.0   21.0  768.0     0
## 백업용 파일 생성
> budget.2<-sapply(1:18, function(i) ifelse(is.na(budget[,i]),0,budget[,i]))
> str(budget.2)
 num [1:70, 1:18] 125 78 206 156 25 ...
> ls()
 [1] "budget"              "budget.2"            "incentive"           "incentive.raw"       "n.budget"            "results.3"           "results.4"           "results.5"          
 [9] "results.6"           "results.7"           "sales.total.ordered"
## budget은 budget.old로 수정하고 budget.2는 제거
> budget.old<-budget
> budget<-budget.2
> rm(budget.2)
## budget의 행 이름을 시군 명칭으로 설정
> rownames(budget)<-results.7[,"County"]
> budget
         [,1]   [,2]   [,3]  [,4]   [,5]   [,6]   [,7]   [,8]   [,9]  [,10]  [,11]  [,12]  [,13]  [,14]  [,15]  [,16]  [,17] [,18]
강진군  125.3  975.0  788.4  60.0    0.0    0.0  194.0 1220.0 1377.0   72.0  200.0    0.0  198.0 1231.0 1143.0   40.0  100.0     0
강화군   78.0    5.0  719.0 463.0  130.0    0.0 1607.8    9.0  642.6  569.0  110.0    0.0   37.0    0.0  749.0  342.0  397.0     0
거창군  205.6  121.0  199.6 220.0    0.0  765.7  203.0  574.0  355.1  220.0    0.0 1351.0    0.0  828.0    0.0    0.0    0.0  1178
고령군  156.5  563.9  612.6   0.0  174.7    0.0  261.0  703.0 1358.0    0.0  765.0    0.0  187.0  551.0  619.0    0.0 1977.0     0
고창군   25.0  789.0 1175.0   0.0   70.0    0.0  100.0 1168.0  626.0    0.0   70.0    0.0    0.0 1050.0 1382.0    0.0  200.0     0
고흥군   38.8   15.0  646.2   0.0  268.3    0.0  591.5  342.6 2006.9    0.0  862.6    0.0  906.0  148.0 1546.0    0.0 1582.0     0
곡성군   93.0  147.0    0.0   0.0    0.0 1339.0  101.2  467.1  121.0    0.0    0.0 1490.4 2496.0    0.0    0.0    0.0    0.0     0
공주시  429.0    0.0  229.0  60.0  683.0    0.0  393.0    0.0  430.0   66.0  954.0    0.0  403.6    0.0  487.7  150.0  715.0     0
괴산군  308.0  148.0  173.0   0.0    0.0    0.0  394.0 1303.0  469.0    0.0   30.0    0.0  364.0 4065.0  387.0   35.0    0.0     0
김제시  166.2    0.0  863.1   0.0  203.7    0.0  112.0    0.0 1651.0    0.0 1720.0    0.0  170.0    0.0 1028.0    0.0 1063.0     0
나주시  233.0  200.0  100.0   0.0   95.0    0.0    0.0    0.0    0.0    0.0    0.0    0.0    8.0  189.0  830.0    0.0  890.0     0
남원시  221.0  360.0  173.0   0.0  585.0    0.0  322.0 1618.0  578.5  270.0  610.0    0.0  308.0 1343.0  275.0  109.0  360.0     0
남해군   28.0   36.0  750.0   0.0  247.0    0.0  226.0 2240.0  988.0   38.0  250.0    0.0  157.0  877.0  711.0   50.0  200.0     0
단양군  298.0  568.0  752.0   0.0    0.0    0.0  146.0  630.0  979.0    0.0   99.0    0.0  139.0  541.0 1045.0    0.0   98.0     0
담양군  115.0  200.0  665.0   0.0  252.0  100.0  309.0  556.0  601.0    0.0 1294.0  150.0  266.0  468.0  481.0   27.0  554.0   150
무안군  196.0  576.0  542.6  29.2  190.0    0.0  324.0 1292.0 1096.0  418.0  166.0    0.0  268.0  482.0  802.0  708.0  207.0     0
문경시  190.0  816.0  450.0   0.0  700.0    0.0  190.0 1134.0  630.0    0.0  300.0    0.0  160.0 1689.0  721.0    0.0  150.0     0
보성군  125.0  459.0  573.0   4.0  243.0    0.0    0.0    0.0    0.0    0.0    0.0    0.0  290.9  807.8  697.2    0.0  438.8     0
보은군  222.0  222.0 1042.0   0.0  518.0    0.0  409.0  403.0 1154.0    0.0  705.0    0.0  247.0  563.0  787.0    0.0  550.0     0
봉화군  324.0    0.0  725.0 120.0  740.0    0.0  746.0    0.0 1951.0  184.0 2831.0    0.0  679.0  640.0 1084.0   66.0 1051.0     0
부안군   30.0  788.0  227.0  50.0  436.0    0.0   63.0 1309.0  953.0    0.0  826.0    0.0  167.0  986.0  919.0  400.0  500.0     0
부여군  357.0  297.0  914.0   0.0    0.0    0.0  359.0  380.0 1280.0    0.0    0.0    0.0  320.2  375.8 1389.4    0.0    0.0     0
산청군  146.6  685.8  410.8 113.8  314.0    0.0  258.5 1129.5 1999.0    0.0  303.3    0.0  155.0  171.0 1528.0    0.0  297.0     0
삼척시  155.0  527.0    0.0   0.0  243.0    0.0  636.0  519.0   99.0    0.0  260.0    0.0  518.0  513.0  127.0    0.0  277.0     0
상주시  487.0   82.0  226.0   0.0    0.0    0.0  548.0 1350.0 1592.0    0.0    0.0    0.0  444.0 1050.0  280.0   45.0    0.0     0
서천군  103.0  775.0   61.0   0.0    0.0    0.0  119.0  451.0 1145.0  205.0    0.0    0.0  237.0    0.0 1659.0  492.0    0.0     0
성주군  257.0  514.0  336.0 160.0  600.0    0.0  280.0 1209.5  767.0  138.0  467.0    0.0  235.0  998.0  376.0  123.0   44.0   243
순창군  454.0  150.0  322.0  42.0  516.0    0.0  541.0  392.0 1169.0  187.0  961.0    0.0  359.0   88.0 1629.0  100.0  915.0     0
신안군  267.3    0.0  553.7   0.0    0.0    0.0    0.0    0.0    0.0    0.0    0.0    0.0   80.0  439.0 1590.0   68.0  100.0     0
안동시  152.0    0.0  397.0   0.0  240.0    0.0  175.0    0.0  664.0    0.0  907.0    0.0  134.0    0.0  957.0   32.0 1405.0     0
양구군  215.0 1325.0  750.0   0.0    0.0    0.0  202.0 2113.0  573.0    0.0    0.0    0.0  146.0 2375.0  470.0    0.0    0.0     0
양양군  261.0  235.0  160.0  56.0  312.0    0.0  510.0  352.0  901.0  250.0  415.0    0.0  418.0    0.0  865.0  235.0  571.0     0
연천군   23.5  113.8  634.8  34.8  145.1    0.0  225.1  204.0 1008.4  317.0  237.6    0.0  286.7  240.9  536.2   91.0  245.2     0
영광군  101.0   54.0  171.0   0.0   14.0    0.0  304.0 1205.0  685.0   30.0  246.0    0.0  412.0  344.0 1048.0    0.0  286.0     0
영덕군  240.0  207.0  353.0 250.0  654.0    0.0  260.0  346.0 1708.0  118.0  255.0    0.0  228.4  110.0  903.9   10.0  294.8     0
영동군  257.0  120.0    0.0   0.0  919.0    0.0  325.0  907.0  754.0    0.0  765.0    0.0  297.0  710.0 1000.8    0.0 1073.3     0
영암군   31.0    0.0  513.0   0.0  650.0    0.0  169.0    0.0  968.0    0.0  843.0    0.0  246.0    0.0 1013.0    0.0  506.0     0
영양군  214.0 1534.0   98.0   0.0  450.0    0.0  260.0  847.0  792.0    0.0  450.0    0.0  208.0 2316.0  310.0    0.0  450.0     0
영월군  145.0    0.0  112.0   0.0  759.0    0.0  690.0    0.0  372.0    0.0 2441.0    0.0  352.0    0.0  213.0    0.0 1123.0     0
영천시   43.0  264.0    0.0   0.0   86.0    0.0   98.0  548.0  245.0    0.0   44.0    0.0  119.0  311.0  318.0    0.0   82.0     0
예산군  327.8  181.6  232.9 224.2  108.0    0.0  305.0  176.0  256.0  250.0  705.0    0.0  232.0  602.4  745.9   20.0  226.7     0
옥천군  310.0  222.0 1109.0   0.0   79.0    0.0  400.0  219.0 2149.0    0.0   79.0    0.0  410.0  245.0 1330.0   25.0   20.0     0
울릉군  159.6  649.9  392.6 272.5    0.0  262.0  196.0 1602.0  800.0  296.0    0.0  299.0   48.0 1562.0  560.0  134.0    0.0   215
의령군   86.0  190.0  252.0   0.0  501.0    0.0  340.0  810.0 2758.0    0.0  240.0    0.0  310.0  620.0 1903.0    0.0  610.0     0
의성군  212.0  652.6  990.0 151.0   21.0    0.0  329.0  579.0 1079.0  403.0  182.0    0.0  247.0  271.0 1825.0  269.0  270.0     0
인제군 1323.0    0.0    0.0   0.0    0.0    0.0 3432.0    0.0    0.0    0.0  591.0    0.0 2525.0    0.0    0.0    0.0    0.0     0
임실군   30.0   38.0   31.0   0.0  131.0    0.0   75.0 1192.0 1891.0    0.0  433.0    0.0   40.1 1113.7 1404.3  549.0  756.0     0
장성군   42.0    0.0  217.0   0.0    0.0    0.0   96.0    0.0 3948.0    0.0    0.0    0.0  172.0    0.0 1846.0    0.0    0.0     0
장수군  518.0 1639.0  216.0  16.0    0.0    0.0  410.0 1185.0  318.0  578.0    0.0    0.0  368.0 1223.7  379.0 1533.0    0.0     0
장흥군   53.0 1008.0  184.0 137.0    0.0    0.0  512.0 1256.0  618.0 1283.0  500.0    0.0  744.0 1407.0  313.0  426.0  145.0     0
정읍시  300.0    0.0   73.0   0.0  325.0    0.0  288.0    0.0  705.0   55.0 1174.0    0.0  142.3  427.0  187.0    0.0  819.0     0
제천시   47.0  424.0  740.0 362.0   76.0    0.0   60.0  633.7  797.6  326.0  152.0    0.0   45.0  453.0  794.0  304.0  152.0     0
증평군  112.0  230.0  426.0   0.0  378.0    0.0  138.0  555.0  599.0  143.0  569.0    0.0  206.5  300.9  620.1   80.8  507.2     0
진도군  130.0    0.0 1477.0 280.0  112.0    0.0  220.0    0.0 1299.0  439.0  803.0    0.0  674.0    0.0 1224.0  308.0  230.0     0
진안군  990.0  122.0  321.0   0.0    0.0  200.0  961.0  257.0 1516.0    0.0    0.0  200.0 1442.6  284.7  779.4  300.0    0.0     0
창녕군    0.0    0.0    0.0   0.0    0.0    0.0    0.0    0.0    0.0    0.0    0.0    0.0   38.0  687.0  328.0  210.0  119.0   330
철원군   63.0  118.0  387.0  14.0  355.0    0.0  153.0  310.0  695.0   44.0 1392.0    0.0   79.0   46.4  877.9    0.0 1136.0     0
청도군   80.0 1520.0  383.0 108.0  280.0    0.0  272.0 1760.0  388.0  130.0   73.0    0.0  209.6 1304.2  744.2   17.0  549.5     0
청양군  208.0  893.0  746.0   0.0    0.0    0.0  295.0 1452.0  839.0  174.0    0.0    0.0  295.0 1705.0  685.0  300.0    0.0     0
태백시   73.0  544.0  287.0 202.0    0.0    0.0  200.0 1035.0  709.0  195.0    0.0    0.0  201.0  605.0  554.0   87.0    0.0     0
평창군  290.0   53.0 1026.0   0.0    0.0    0.0  388.0  142.0 1339.0    0.0    0.0    0.0  330.0  139.0 1264.0    0.0    0.0     0
하동군  174.0  302.0  710.0 200.0   27.0    0.0  331.0  730.0  646.0  100.0  210.0    0.0  480.3  481.1  686.7  100.0  100.0     0
함안군  241.0  280.0 1044.0 200.0    0.0    0.0  253.0  250.0 1110.0  303.0    0.0    0.0  283.0  250.0 1209.0  128.0    0.0     0
함양군  143.5  715.0  525.3 118.5  347.9    0.0  261.7 1393.7  665.2  102.0  400.0    0.0  219.0 1270.0 1404.0    0.0  350.0     0
함평군   42.0    0.0   72.0   0.0 1378.0    0.0  630.0    0.0 1146.0    0.0 1228.0    0.0  774.0    0.0 1118.0    0.0  265.0     0
합천군   69.0    0.0  363.0   0.0   41.0 1000.0  120.0    0.0    0.0    0.0 1485.0 1000.0   46.4    0.0    0.0    0.0 3244.0  1000
홍성군    8.7   12.0   46.5  10.0    6.7    0.0  301.4   58.0  181.4  193.3   69.3    0.0  268.0 2062.0 1269.0  395.0   47.0     0
화순군   56.0 1624.0  147.0 150.0   75.0    0.0  188.0  544.0  600.0  129.0  755.0    0.0   85.0  512.0  334.0    0.0  322.0     0
화천군   54.0    0.0   81.0   0.0 1190.0  927.0  146.0  100.0  172.0    0.0 1293.0  933.0  203.0    0.0  140.0    0.0 2041.0   773
횡성군  237.0  556.0  306.0   0.0  400.0    0.0  288.0  681.0  209.0   30.0  779.0    0.0  251.0  771.4  397.0   21.0  768.0     0
## 열의 이름 생성하기
## CB : Competency Building, PP : Production and Processing
## PM : PR and Marketing, RD : Research and Development
## CT : Culture and Tourism, ET : etc
> item<-c("CB","PP","PM","RD","CT","ET")
> year<-c("08","09","10")
> paste(item,rep(year,each=length(item)),sep="")
 [1] "CB08" "PP08" "PM08" "RD08" "CT08" "ET08" "CB09" "PP09" "PM09" "RD09" "CT09" "ET09" "CB10" "PP10" "PM10" "RD10" "CT10" "ET10"
> budget.item<-paste(item,rep(year,each=length(item)),sep="")
 [1] "CB08" "PP08" "PM08" "RD08" "CT08" "ET08" "CB09" "PP09" "PM09" "RD09" "CT09" "ET09" "CB10" "PP10" "PM10" "RD10" "CT10" "ET10"
> dimnames(budget)[[2]]<-budget.item
> budget
        CB08   PP08   PM08  RD08   CT08   ET08   CB09   PP09   PM09   RD09   CT09   ET09   CB10   PP10   PM10   RD10   CT10 ET10
 [1,]  125.3  975.0  788.4  60.0    0.0    0.0  194.0 1220.0 1377.0   72.0  200.0    0.0  198.0 1231.0 1143.0   40.0  100.0    0
 [2,]   78.0    5.0  719.0 463.0  130.0    0.0 1607.8    9.0  642.6  569.0  110.0    0.0   37.0    0.0  749.0  342.0  397.0    0
 [3,]  205.6  121.0  199.6 220.0    0.0  765.7  203.0  574.0  355.1  220.0    0.0 1351.0    0.0  828.0    0.0    0.0    0.0 1178
 [4,]  156.5  563.9  612.6   0.0  174.7    0.0  261.0  703.0 1358.0    0.0  765.0    0.0  187.0  551.0  619.0    0.0 1977.0    0
 [5,]   25.0  789.0 1175.0   0.0   70.0    0.0  100.0 1168.0  626.0    0.0   70.0    0.0    0.0 1050.0 1382.0    0.0  200.0    0
 [6,]   38.8   15.0  646.2   0.0  268.3    0.0  591.5  342.6 2006.9    0.0  862.6    0.0  906.0  148.0 1546.0    0.0 1582.0    0
 [7,]   93.0  147.0    0.0   0.0    0.0 1339.0  101.2  467.1  121.0    0.0    0.0 1490.4 2496.0    0.0    0.0    0.0    0.0    0
 [8,]  429.0    0.0  229.0  60.0  683.0    0.0  393.0    0.0  430.0   66.0  954.0    0.0  403.6    0.0  487.7  150.0  715.0    0
 [9,]  308.0  148.0  173.0   0.0    0.0    0.0  394.0 1303.0  469.0    0.0   30.0    0.0  364.0 4065.0  387.0   35.0    0.0    0
[10,]  166.2    0.0  863.1   0.0  203.7    0.0  112.0    0.0 1651.0    0.0 1720.0    0.0  170.0    0.0 1028.0    0.0 1063.0    0
[11,]  233.0  200.0  100.0   0.0   95.0    0.0    0.0    0.0    0.0    0.0    0.0    0.0    8.0  189.0  830.0    0.0  890.0    0
[12,]  221.0  360.0  173.0   0.0  585.0    0.0  322.0 1618.0  578.5  270.0  610.0    0.0  308.0 1343.0  275.0  109.0  360.0    0
[13,]   28.0   36.0  750.0   0.0  247.0    0.0  226.0 2240.0  988.0   38.0  250.0    0.0  157.0  877.0  711.0   50.0  200.0    0
[14,]  298.0  568.0  752.0   0.0    0.0    0.0  146.0  630.0  979.0    0.0   99.0    0.0  139.0  541.0 1045.0    0.0   98.0    0
[15,]  115.0  200.0  665.0   0.0  252.0  100.0  309.0  556.0  601.0    0.0 1294.0  150.0  266.0  468.0  481.0   27.0  554.0  150
[16,]  196.0  576.0  542.6  29.2  190.0    0.0  324.0 1292.0 1096.0  418.0  166.0    0.0  268.0  482.0  802.0  708.0  207.0    0
[17,]  190.0  816.0  450.0   0.0  700.0    0.0  190.0 1134.0  630.0    0.0  300.0    0.0  160.0 1689.0  721.0    0.0  150.0    0
[18,]  125.0  459.0  573.0   4.0  243.0    0.0    0.0    0.0    0.0    0.0    0.0    0.0  290.9  807.8  697.2    0.0  438.8    0
[19,]  222.0  222.0 1042.0   0.0  518.0    0.0  409.0  403.0 1154.0    0.0  705.0    0.0  247.0  563.0  787.0    0.0  550.0    0
[20,]  324.0    0.0  725.0 120.0  740.0    0.0  746.0    0.0 1951.0  184.0 2831.0    0.0  679.0  640.0 1084.0   66.0 1051.0    0
[21,]   30.0  788.0  227.0  50.0  436.0    0.0   63.0 1309.0  953.0    0.0  826.0    0.0  167.0  986.0  919.0  400.0  500.0    0
[22,]  357.0  297.0  914.0   0.0    0.0    0.0  359.0  380.0 1280.0    0.0    0.0    0.0  320.2  375.8 1389.4    0.0    0.0    0
[23,]  146.6  685.8  410.8 113.8  314.0    0.0  258.5 1129.5 1999.0    0.0  303.3    0.0  155.0  171.0 1528.0    0.0  297.0    0
[24,]  155.0  527.0    0.0   0.0  243.0    0.0  636.0  519.0   99.0    0.0  260.0    0.0  518.0  513.0  127.0    0.0  277.0    0
[25,]  487.0   82.0  226.0   0.0    0.0    0.0  548.0 1350.0 1592.0    0.0    0.0    0.0  444.0 1050.0  280.0   45.0    0.0    0
[26,]  103.0  775.0   61.0   0.0    0.0    0.0  119.0  451.0 1145.0  205.0    0.0    0.0  237.0    0.0 1659.0  492.0    0.0    0
[27,]  257.0  514.0  336.0 160.0  600.0    0.0  280.0 1209.5  767.0  138.0  467.0    0.0  235.0  998.0  376.0  123.0   44.0  243
[28,]  454.0  150.0  322.0  42.0  516.0    0.0  541.0  392.0 1169.0  187.0  961.0    0.0  359.0   88.0 1629.0  100.0  915.0    0
[29,]  267.3    0.0  553.7   0.0    0.0    0.0    0.0    0.0    0.0    0.0    0.0    0.0   80.0  439.0 1590.0   68.0  100.0    0
[30,]  152.0    0.0  397.0   0.0  240.0    0.0  175.0    0.0  664.0    0.0  907.0    0.0  134.0    0.0  957.0   32.0 1405.0    0
[31,]  215.0 1325.0  750.0   0.0    0.0    0.0  202.0 2113.0  573.0    0.0    0.0    0.0  146.0 2375.0  470.0    0.0    0.0    0
[32,]  261.0  235.0  160.0  56.0  312.0    0.0  510.0  352.0  901.0  250.0  415.0    0.0  418.0    0.0  865.0  235.0  571.0    0
[33,]   23.5  113.8  634.8  34.8  145.1    0.0  225.1  204.0 1008.4  317.0  237.6    0.0  286.7  240.9  536.2   91.0  245.2    0
[34,]  101.0   54.0  171.0   0.0   14.0    0.0  304.0 1205.0  685.0   30.0  246.0    0.0  412.0  344.0 1048.0    0.0  286.0    0
[35,]  240.0  207.0  353.0 250.0  654.0    0.0  260.0  346.0 1708.0  118.0  255.0    0.0  228.4  110.0  903.9   10.0  294.8    0
[36,]  257.0  120.0    0.0   0.0  919.0    0.0  325.0  907.0  754.0    0.0  765.0    0.0  297.0  710.0 1000.8    0.0 1073.3    0
[37,]   31.0    0.0  513.0   0.0  650.0    0.0  169.0    0.0  968.0    0.0  843.0    0.0  246.0    0.0 1013.0    0.0  506.0    0
[38,]  214.0 1534.0   98.0   0.0  450.0    0.0  260.0  847.0  792.0    0.0  450.0    0.0  208.0 2316.0  310.0    0.0  450.0    0
[39,]  145.0    0.0  112.0   0.0  759.0    0.0  690.0    0.0  372.0    0.0 2441.0    0.0  352.0    0.0  213.0    0.0 1123.0    0
[40,]   43.0  264.0    0.0   0.0   86.0    0.0   98.0  548.0  245.0    0.0   44.0    0.0  119.0  311.0  318.0    0.0   82.0    0
[41,]  327.8  181.6  232.9 224.2  108.0    0.0  305.0  176.0  256.0  250.0  705.0    0.0  232.0  602.4  745.9   20.0  226.7    0
[42,]  310.0  222.0 1109.0   0.0   79.0    0.0  400.0  219.0 2149.0    0.0   79.0    0.0  410.0  245.0 1330.0   25.0   20.0    0
[43,]  159.6  649.9  392.6 272.5    0.0  262.0  196.0 1602.0  800.0  296.0    0.0  299.0   48.0 1562.0  560.0  134.0    0.0  215
[44,]   86.0  190.0  252.0   0.0  501.0    0.0  340.0  810.0 2758.0    0.0  240.0    0.0  310.0  620.0 1903.0    0.0  610.0    0
[45,]  212.0  652.6  990.0 151.0   21.0    0.0  329.0  579.0 1079.0  403.0  182.0    0.0  247.0  271.0 1825.0  269.0  270.0    0
[46,] 1323.0    0.0    0.0   0.0    0.0    0.0 3432.0    0.0    0.0    0.0  591.0    0.0 2525.0    0.0    0.0    0.0    0.0    0
[47,]   30.0   38.0   31.0   0.0  131.0    0.0   75.0 1192.0 1891.0    0.0  433.0    0.0   40.1 1113.7 1404.3  549.0  756.0    0
[48,]   42.0    0.0  217.0   0.0    0.0    0.0   96.0    0.0 3948.0    0.0    0.0    0.0  172.0    0.0 1846.0    0.0    0.0    0
[49,]  518.0 1639.0  216.0  16.0    0.0    0.0  410.0 1185.0  318.0  578.0    0.0    0.0  368.0 1223.7  379.0 1533.0    0.0    0
[50,]   53.0 1008.0  184.0 137.0    0.0    0.0  512.0 1256.0  618.0 1283.0  500.0    0.0  744.0 1407.0  313.0  426.0  145.0    0
[51,]  300.0    0.0   73.0   0.0  325.0    0.0  288.0    0.0  705.0   55.0 1174.0    0.0  142.3  427.0  187.0    0.0  819.0    0
[52,]   47.0  424.0  740.0 362.0   76.0    0.0   60.0  633.7  797.6  326.0  152.0    0.0   45.0  453.0  794.0  304.0  152.0    0
[53,]  112.0  230.0  426.0   0.0  378.0    0.0  138.0  555.0  599.0  143.0  569.0    0.0  206.5  300.9  620.1   80.8  507.2    0
[54,]  130.0    0.0 1477.0 280.0  112.0    0.0  220.0    0.0 1299.0  439.0  803.0    0.0  674.0    0.0 1224.0  308.0  230.0    0
[55,]  990.0  122.0  321.0   0.0    0.0  200.0  961.0  257.0 1516.0    0.0    0.0  200.0 1442.6  284.7  779.4  300.0    0.0    0
[56,]    0.0    0.0    0.0   0.0    0.0    0.0    0.0    0.0    0.0    0.0    0.0    0.0   38.0  687.0  328.0  210.0  119.0  330
[57,]   63.0  118.0  387.0  14.0  355.0    0.0  153.0  310.0  695.0   44.0 1392.0    0.0   79.0   46.4  877.9    0.0 1136.0    0
[58,]   80.0 1520.0  383.0 108.0  280.0    0.0  272.0 1760.0  388.0  130.0   73.0    0.0  209.6 1304.2  744.2   17.0  549.5    0
[59,]  208.0  893.0  746.0   0.0    0.0    0.0  295.0 1452.0  839.0  174.0    0.0    0.0  295.0 1705.0  685.0  300.0    0.0    0
[60,]   73.0  544.0  287.0 202.0    0.0    0.0  200.0 1035.0  709.0  195.0    0.0    0.0  201.0  605.0  554.0   87.0    0.0    0
[61,]  290.0   53.0 1026.0   0.0    0.0    0.0  388.0  142.0 1339.0    0.0    0.0    0.0  330.0  139.0 1264.0    0.0    0.0    0
[62,]  174.0  302.0  710.0 200.0   27.0    0.0  331.0  730.0  646.0  100.0  210.0    0.0  480.3  481.1  686.7  100.0  100.0    0
[63,]  241.0  280.0 1044.0 200.0    0.0    0.0  253.0  250.0 1110.0  303.0    0.0    0.0  283.0  250.0 1209.0  128.0    0.0    0
[64,]  143.5  715.0  525.3 118.5  347.9    0.0  261.7 1393.7  665.2  102.0  400.0    0.0  219.0 1270.0 1404.0    0.0  350.0    0
[65,]   42.0    0.0   72.0   0.0 1378.0    0.0  630.0    0.0 1146.0    0.0 1228.0    0.0  774.0    0.0 1118.0    0.0  265.0    0
[66,]   69.0    0.0  363.0   0.0   41.0 1000.0  120.0    0.0    0.0    0.0 1485.0 1000.0   46.4    0.0    0.0    0.0 3244.0 1000
[67,]    8.7   12.0   46.5  10.0    6.7    0.0  301.4   58.0  181.4  193.3   69.3    0.0  268.0 2062.0 1269.0  395.0   47.0    0
[68,]   56.0 1624.0  147.0 150.0   75.0    0.0  188.0  544.0  600.0  129.0  755.0    0.0   85.0  512.0  334.0    0.0  322.0    0
[69,]   54.0    0.0   81.0   0.0 1190.0  927.0  146.0  100.0  172.0    0.0 1293.0  933.0  203.0    0.0  140.0    0.0 2041.0  773
[70,]  237.0  556.0  306.0   0.0  400.0    0.0  288.0  681.0  209.0   30.0  779.0    0.0  251.0  771.4  397.0   21.0  768.0    0
> rownames(budget)<-results.7[,"County"]
> budget
         CB08   PP08   PM08  RD08   CT08   ET08   CB09   PP09   PM09   RD09   CT09   ET09   CB10   PP10   PM10   RD10   CT10 ET10
강진군  125.3  975.0  788.4  60.0    0.0    0.0  194.0 1220.0 1377.0   72.0  200.0    0.0  198.0 1231.0 1143.0   40.0  100.0    0
강화군   78.0    5.0  719.0 463.0  130.0    0.0 1607.8    9.0  642.6  569.0  110.0    0.0   37.0    0.0  749.0  342.0  397.0    0
거창군  205.6  121.0  199.6 220.0    0.0  765.7  203.0  574.0  355.1  220.0    0.0 1351.0    0.0  828.0    0.0    0.0    0.0 1178
고령군  156.5  563.9  612.6   0.0  174.7    0.0  261.0  703.0 1358.0    0.0  765.0    0.0  187.0  551.0  619.0    0.0 1977.0    0
고창군   25.0  789.0 1175.0   0.0   70.0    0.0  100.0 1168.0  626.0    0.0   70.0    0.0    0.0 1050.0 1382.0    0.0  200.0    0
고흥군   38.8   15.0  646.2   0.0  268.3    0.0  591.5  342.6 2006.9    0.0  862.6    0.0  906.0  148.0 1546.0    0.0 1582.0    0
곡성군   93.0  147.0    0.0   0.0    0.0 1339.0  101.2  467.1  121.0    0.0    0.0 1490.4 2496.0    0.0    0.0    0.0    0.0    0
공주시  429.0    0.0  229.0  60.0  683.0    0.0  393.0    0.0  430.0   66.0  954.0    0.0  403.6    0.0  487.7  150.0  715.0    0
괴산군  308.0  148.0  173.0   0.0    0.0    0.0  394.0 1303.0  469.0    0.0   30.0    0.0  364.0 4065.0  387.0   35.0    0.0    0
김제시  166.2    0.0  863.1   0.0  203.7    0.0  112.0    0.0 1651.0    0.0 1720.0    0.0  170.0    0.0 1028.0    0.0 1063.0    0
나주시  233.0  200.0  100.0   0.0   95.0    0.0    0.0    0.0    0.0    0.0    0.0    0.0    8.0  189.0  830.0    0.0  890.0    0
남원시  221.0  360.0  173.0   0.0  585.0    0.0  322.0 1618.0  578.5  270.0  610.0    0.0  308.0 1343.0  275.0  109.0  360.0    0
남해군   28.0   36.0  750.0   0.0  247.0    0.0  226.0 2240.0  988.0   38.0  250.0    0.0  157.0  877.0  711.0   50.0  200.0    0
단양군  298.0  568.0  752.0   0.0    0.0    0.0  146.0  630.0  979.0    0.0   99.0    0.0  139.0  541.0 1045.0    0.0   98.0    0
담양군  115.0  200.0  665.0   0.0  252.0  100.0  309.0  556.0  601.0    0.0 1294.0  150.0  266.0  468.0  481.0   27.0  554.0  150
무안군  196.0  576.0  542.6  29.2  190.0    0.0  324.0 1292.0 1096.0  418.0  166.0    0.0  268.0  482.0  802.0  708.0  207.0    0
문경시  190.0  816.0  450.0   0.0  700.0    0.0  190.0 1134.0  630.0    0.0  300.0    0.0  160.0 1689.0  721.0    0.0  150.0    0
보성군  125.0  459.0  573.0   4.0  243.0    0.0    0.0    0.0    0.0    0.0    0.0    0.0  290.9  807.8  697.2    0.0  438.8    0
보은군  222.0  222.0 1042.0   0.0  518.0    0.0  409.0  403.0 1154.0    0.0  705.0    0.0  247.0  563.0  787.0    0.0  550.0    0
봉화군  324.0    0.0  725.0 120.0  740.0    0.0  746.0    0.0 1951.0  184.0 2831.0    0.0  679.0  640.0 1084.0   66.0 1051.0    0
부안군   30.0  788.0  227.0  50.0  436.0    0.0   63.0 1309.0  953.0    0.0  826.0    0.0  167.0  986.0  919.0  400.0  500.0    0
부여군  357.0  297.0  914.0   0.0    0.0    0.0  359.0  380.0 1280.0    0.0    0.0    0.0  320.2  375.8 1389.4    0.0    0.0    0
산청군  146.6  685.8  410.8 113.8  314.0    0.0  258.5 1129.5 1999.0    0.0  303.3    0.0  155.0  171.0 1528.0    0.0  297.0    0
삼척시  155.0  527.0    0.0   0.0  243.0    0.0  636.0  519.0   99.0    0.0  260.0    0.0  518.0  513.0  127.0    0.0  277.0    0
상주시  487.0   82.0  226.0   0.0    0.0    0.0  548.0 1350.0 1592.0    0.0    0.0    0.0  444.0 1050.0  280.0   45.0    0.0    0
서천군  103.0  775.0   61.0   0.0    0.0    0.0  119.0  451.0 1145.0  205.0    0.0    0.0  237.0    0.0 1659.0  492.0    0.0    0
성주군  257.0  514.0  336.0 160.0  600.0    0.0  280.0 1209.5  767.0  138.0  467.0    0.0  235.0  998.0  376.0  123.0   44.0  243
순창군  454.0  150.0  322.0  42.0  516.0    0.0  541.0  392.0 1169.0  187.0  961.0    0.0  359.0   88.0 1629.0  100.0  915.0    0
신안군  267.3    0.0  553.7   0.0    0.0    0.0    0.0    0.0    0.0    0.0    0.0    0.0   80.0  439.0 1590.0   68.0  100.0    0
안동시  152.0    0.0  397.0   0.0  240.0    0.0  175.0    0.0  664.0    0.0  907.0    0.0  134.0    0.0  957.0   32.0 1405.0    0
양구군  215.0 1325.0  750.0   0.0    0.0    0.0  202.0 2113.0  573.0    0.0    0.0    0.0  146.0 2375.0  470.0    0.0    0.0    0
양양군  261.0  235.0  160.0  56.0  312.0    0.0  510.0  352.0  901.0  250.0  415.0    0.0  418.0    0.0  865.0  235.0  571.0    0
연천군   23.5  113.8  634.8  34.8  145.1    0.0  225.1  204.0 1008.4  317.0  237.6    0.0  286.7  240.9  536.2   91.0  245.2    0
영광군  101.0   54.0  171.0   0.0   14.0    0.0  304.0 1205.0  685.0   30.0  246.0    0.0  412.0  344.0 1048.0    0.0  286.0    0
영덕군  240.0  207.0  353.0 250.0  654.0    0.0  260.0  346.0 1708.0  118.0  255.0    0.0  228.4  110.0  903.9   10.0  294.8    0
영동군  257.0  120.0    0.0   0.0  919.0    0.0  325.0  907.0  754.0    0.0  765.0    0.0  297.0  710.0 1000.8    0.0 1073.3    0
영암군   31.0    0.0  513.0   0.0  650.0    0.0  169.0    0.0  968.0    0.0  843.0    0.0  246.0    0.0 1013.0    0.0  506.0    0
영양군  214.0 1534.0   98.0   0.0  450.0    0.0  260.0  847.0  792.0    0.0  450.0    0.0  208.0 2316.0  310.0    0.0  450.0    0
영월군  145.0    0.0  112.0   0.0  759.0    0.0  690.0    0.0  372.0    0.0 2441.0    0.0  352.0    0.0  213.0    0.0 1123.0    0
영천시   43.0  264.0    0.0   0.0   86.0    0.0   98.0  548.0  245.0    0.0   44.0    0.0  119.0  311.0  318.0    0.0   82.0    0
예산군  327.8  181.6  232.9 224.2  108.0    0.0  305.0  176.0  256.0  250.0  705.0    0.0  232.0  602.4  745.9   20.0  226.7    0
옥천군  310.0  222.0 1109.0   0.0   79.0    0.0  400.0  219.0 2149.0    0.0   79.0    0.0  410.0  245.0 1330.0   25.0   20.0    0
울릉군  159.6  649.9  392.6 272.5    0.0  262.0  196.0 1602.0  800.0  296.0    0.0  299.0   48.0 1562.0  560.0  134.0    0.0  215
의령군   86.0  190.0  252.0   0.0  501.0    0.0  340.0  810.0 2758.0    0.0  240.0    0.0  310.0  620.0 1903.0    0.0  610.0    0
의성군  212.0  652.6  990.0 151.0   21.0    0.0  329.0  579.0 1079.0  403.0  182.0    0.0  247.0  271.0 1825.0  269.0  270.0    0
인제군 1323.0    0.0    0.0   0.0    0.0    0.0 3432.0    0.0    0.0    0.0  591.0    0.0 2525.0    0.0    0.0    0.0    0.0    0
임실군   30.0   38.0   31.0   0.0  131.0    0.0   75.0 1192.0 1891.0    0.0  433.0    0.0   40.1 1113.7 1404.3  549.0  756.0    0
장성군   42.0    0.0  217.0   0.0    0.0    0.0   96.0    0.0 3948.0    0.0    0.0    0.0  172.0    0.0 1846.0    0.0    0.0    0
장수군  518.0 1639.0  216.0  16.0    0.0    0.0  410.0 1185.0  318.0  578.0    0.0    0.0  368.0 1223.7  379.0 1533.0    0.0    0
장흥군   53.0 1008.0  184.0 137.0    0.0    0.0  512.0 1256.0  618.0 1283.0  500.0    0.0  744.0 1407.0  313.0  426.0  145.0    0
정읍시  300.0    0.0   73.0   0.0  325.0    0.0  288.0    0.0  705.0   55.0 1174.0    0.0  142.3  427.0  187.0    0.0  819.0    0
제천시   47.0  424.0  740.0 362.0   76.0    0.0   60.0  633.7  797.6  326.0  152.0    0.0   45.0  453.0  794.0  304.0  152.0    0
증평군  112.0  230.0  426.0   0.0  378.0    0.0  138.0  555.0  599.0  143.0  569.0    0.0  206.5  300.9  620.1   80.8  507.2    0
진도군  130.0    0.0 1477.0 280.0  112.0    0.0  220.0    0.0 1299.0  439.0  803.0    0.0  674.0    0.0 1224.0  308.0  230.0    0
진안군  990.0  122.0  321.0   0.0    0.0  200.0  961.0  257.0 1516.0    0.0    0.0  200.0 1442.6  284.7  779.4  300.0    0.0    0
창녕군    0.0    0.0    0.0   0.0    0.0    0.0    0.0    0.0    0.0    0.0    0.0    0.0   38.0  687.0  328.0  210.0  119.0  330
철원군   63.0  118.0  387.0  14.0  355.0    0.0  153.0  310.0  695.0   44.0 1392.0    0.0   79.0   46.4  877.9    0.0 1136.0    0
청도군   80.0 1520.0  383.0 108.0  280.0    0.0  272.0 1760.0  388.0  130.0   73.0    0.0  209.6 1304.2  744.2   17.0  549.5    0
청양군  208.0  893.0  746.0   0.0    0.0    0.0  295.0 1452.0  839.0  174.0    0.0    0.0  295.0 1705.0  685.0  300.0    0.0    0
태백시   73.0  544.0  287.0 202.0    0.0    0.0  200.0 1035.0  709.0  195.0    0.0    0.0  201.0  605.0  554.0   87.0    0.0    0
평창군  290.0   53.0 1026.0   0.0    0.0    0.0  388.0  142.0 1339.0    0.0    0.0    0.0  330.0  139.0 1264.0    0.0    0.0    0
하동군  174.0  302.0  710.0 200.0   27.0    0.0  331.0  730.0  646.0  100.0  210.0    0.0  480.3  481.1  686.7  100.0  100.0    0
함안군  241.0  280.0 1044.0 200.0    0.0    0.0  253.0  250.0 1110.0  303.0    0.0    0.0  283.0  250.0 1209.0  128.0    0.0    0
함양군  143.5  715.0  525.3 118.5  347.9    0.0  261.7 1393.7  665.2  102.0  400.0    0.0  219.0 1270.0 1404.0    0.0  350.0    0
함평군   42.0    0.0   72.0   0.0 1378.0    0.0  630.0    0.0 1146.0    0.0 1228.0    0.0  774.0    0.0 1118.0    0.0  265.0    0
합천군   69.0    0.0  363.0   0.0   41.0 1000.0  120.0    0.0    0.0    0.0 1485.0 1000.0   46.4    0.0    0.0    0.0 3244.0 1000
홍성군    8.7   12.0   46.5  10.0    6.7    0.0  301.4   58.0  181.4  193.3   69.3    0.0  268.0 2062.0 1269.0  395.0   47.0    0
화순군   56.0 1624.0  147.0 150.0   75.0    0.0  188.0  544.0  600.0  129.0  755.0    0.0   85.0  512.0  334.0    0.0  322.0    0
화천군   54.0    0.0   81.0   0.0 1190.0  927.0  146.0  100.0  172.0    0.0 1293.0  933.0  203.0    0.0  140.0    0.0 2041.0  773
횡성군  237.0  556.0  306.0   0.0  400.0    0.0  288.0  681.0  209.0   30.0  779.0    0.0  251.0  771.4  397.0   21.0  768.0    0
> ls()
 [1] "budget"              "budget.bak"          "budget.item"         "budget.old"          "incentive"           "incentive.raw"       "n.budget"            "results.3"          
 [9] "results.4"           "results.5"           "results.6"           "results.7"           "sales.total.ordered"
## RnD파일 만들기, 인센티브 등급에 따라 배열되어 있는 것을 해결하는 것이 문제.
> RnD<-read.table("RnD.txt",header=F)
> RnD
       V1    V2 V3     V4 V5     V6 V7     V8 V9
1  상주시   0.0 11    0.0 18   45.0  9   45.0 38
2  영동군   0.0 17    0.0 18    0.0 13    0.0 48
3  하동군 200.0 14  100.0 26  100.0 11  400.0 51
4  문경시   0.0  6    0.0  8    0.0  8    0.0 22
5  무안군  29.2 20  418.0 18  708.0  4 1155.2 42
6  부안군  50.0 20    0.0 14  400.0  2  450.0 36
7  고창군   0.0 25    0.0  8    0.0  0    0.0 33
8  청양군   0.0 11  174.0 13  300.0  1  474.0 25
9  평창군   0.0  5    0.0  6    0.0  4    0.0 15
10 양양군  56.0 10  250.0  7  235.0  4  541.0 21
11 함안군 200.0  2  303.0  3  128.0  8  631.0 13
12 진도군 280.0 10  439.0 14  308.0 11 1027.0 35
13 제천시 362.0 10  326.0 15  304.0  0  992.0 25
14 증평군   0.0  8  143.0 20   80.8  6  223.8 34
15 강진군  60.0 14   72.0 15   40.0  7  172.0 36
16 산청군 113.8 16    0.0 24    0.0  3  113.8 43
17 장흥군 137.0 17 1283.0 14  426.0  5 1846.0 36
18 장수군  16.0 10  578.0 15 1533.0  4 2127.0 29
19 고흥군   0.0 10    0.0  9    0.0  9    0.0 28
20 영월군   0.0  7    0.0 27    0.0 21    0.0 55
21 순창군  42.0  4  187.0 11  100.0  2  329.0 17
22 함양군 118.5  7  102.0  7    0.0  6  220.5 20
23 예산군 224.2  9  250.0 12   20.0  9  494.2 30
24 횡성군   0.0  6   30.0  7   21.0 15   51.0 28
25 부여군   0.0 11    0.0  8    0.0  3    0.0 22
26 양구군   0.0  4    0.0  3    0.0  3    0.0 10
27 함평군   0.0  6    0.0  2    0.0  2    0.0 10
28 화천군   0.0  6    0.0  4    0.0  4    0.0 14
29 청도군 108.0  4  130.0  9   17.0  7  255.0 20
30 봉화군 120.0 10  184.0  5   66.0  3  370.0 18
31 김제시   0.0  1    0.0  0    0.0  0    0.0  1
32 담양군   0.0  0    0.0 14   27.0  3   27.0 17
33 영광군   0.0  3   30.0  4    0.0  3   30.0 10
34 영양군   0.0  0    0.0  2    0.0  1    0.0  3
35 인제군   0.0  3    0.0 11    0.0  5    0.0 19
36 공주시  60.0  4   66.0  1  150.0  6  276.0 11
37 성주군 160.0  3  138.0  0  123.0  3  421.0  6
38 영덕군 250.0  4  118.0  4    0.0  4  368.0 12
39 울릉군 272.5  4  296.0  2  134.0  2  702.5  8
40 고령군   0.0  0    0.0  0    0.0  0    0.0  0
41 곡성군   0.0  0    0.0  0    0.0  0    0.0  0
42 괴산군   0.0  2    0.0  1   35.0  6   35.0  9
43 나주시   0.0  3    0.0  0    0.0  1    0.0  4
44 남원시   0.0  1  270.0  7  109.0  2  379.0 10
45 남해군   0.0  9   38.0  7   50.0  1   88.0 17
46 단양군   0.0  4    0.0  3    0.0  3    0.0 10
47 보은군   0.0  1    0.0  5    0.0  5    0.0 11
48 삼척시   0.0  3    0.0  3    0.0  5    0.0 11
49 서천군   0.0  1  205.0  3  492.0  6  697.0 10
50 신안군   0.0  5    0.0  0   68.0  1   68.0  6
51 안동시   0.0  4    0.0 10   32.0  5   32.0 19
52 영암군   0.0  0    0.0 30    0.0  3    0.0 33
53 영천시   0.0  0    0.0  1    0.0  2    0.0  3
54 옥천군   0.0  6    0.0  7   25.0  4   25.0 17
55 의령군   0.0  6    0.0  4    0.0  1    0.0 11
56 임실군   0.0  2    0.0  3  549.0  4  549.0  9
57 장성군   0.0  3    0.0 18    0.0  2    0.0 23
58 정읍시   0.0  1   55.0  2    0.0  4   55.0  7
59 진안군   0.0  1    0.0  5  300.0 12  300.0 18
60 창녕군   0.0  0    0.0  0  210.0  2  210.0  2
61 합천군   0.0  1    0.0  3    0.0  0    0.0  4
62 보성군   4.0  5    0.0  0    0.0  6    4.0 11
63 홍성군  10.0  1  193.3  6  395.0  2  598.3  9
64 철원군  14.0  0   44.0  2    0.0  1   58.0  3
65 연천군  34.8  3  317.0  1   91.0  1  442.8  5
66 화순군 150.0  3    0.0  0    0.0  1  150.0  4
67 의성군 151.0 12  403.0 10  269.0  3  823.0 25
68 태백시 202.0  1  195.0  4   87.0  1  484.0  6
69 거창군 220.0 12  220.0 22    0.0 13  440.0 47
70 강화군 463.0  7    0.0  0  342.0  0  805.0  7
## 백업 파일을 만들고
> RnD.bak<-RnD
> names(RnD)
[1] "V1" "V2" "V3" "V4" "V5" "V6" "V7" "V8" "V9"
## 열의 이름 만들기
> paste(c("Input","Output"),rep(c("08","09","10",".total"),each=2),sep="")
[1] "Input08"      "Output08"     "Input09"      "Output09"     "Input10"      "Output10"     "Input.total"  "Output.total"
> names(RnD)<-c("County",paste(c("Input","Output"),rep(c("08","09","10",".total"),each=2),sep=""))
> RnD
   County Input08 Output08 Input09 Output09 Input10 Output10 Input.total Output.total
1  상주시     0.0       11     0.0       18    45.0        9        45.0           38
2  영동군     0.0       17     0.0       18     0.0       13         0.0           48
3  하동군   200.0       14   100.0       26   100.0       11       400.0           51
4  문경시     0.0        6     0.0        8     0.0        8         0.0           22
5  무안군    29.2       20   418.0       18   708.0        4      1155.2           42
6  부안군    50.0       20     0.0       14   400.0        2       450.0           36
7  고창군     0.0       25     0.0        8     0.0        0         0.0           33
8  청양군     0.0       11   174.0       13   300.0        1       474.0           25
9  평창군     0.0        5     0.0        6     0.0        4         0.0           15
10 양양군    56.0       10   250.0        7   235.0        4       541.0           21
11 함안군   200.0        2   303.0        3   128.0        8       631.0           13
12 진도군   280.0       10   439.0       14   308.0       11      1027.0           35
13 제천시   362.0       10   326.0       15   304.0        0       992.0           25
14 증평군     0.0        8   143.0       20    80.8        6       223.8           34
15 강진군    60.0       14    72.0       15    40.0        7       172.0           36
16 산청군   113.8       16     0.0       24     0.0        3       113.8           43
17 장흥군   137.0       17  1283.0       14   426.0        5      1846.0           36
18 장수군    16.0       10   578.0       15  1533.0        4      2127.0           29
19 고흥군     0.0       10     0.0        9     0.0        9         0.0           28
20 영월군     0.0        7     0.0       27     0.0       21         0.0           55
21 순창군    42.0        4   187.0       11   100.0        2       329.0           17
22 함양군   118.5        7   102.0        7     0.0        6       220.5           20
23 예산군   224.2        9   250.0       12    20.0        9       494.2           30
24 횡성군     0.0        6    30.0        7    21.0       15        51.0           28
25 부여군     0.0       11     0.0        8     0.0        3         0.0           22
26 양구군     0.0        4     0.0        3     0.0        3         0.0           10
27 함평군     0.0        6     0.0        2     0.0        2         0.0           10
28 화천군     0.0        6     0.0        4     0.0        4         0.0           14
29 청도군   108.0        4   130.0        9    17.0        7       255.0           20
30 봉화군   120.0       10   184.0        5    66.0        3       370.0           18
31 김제시     0.0        1     0.0        0     0.0        0         0.0            1
32 담양군     0.0        0     0.0       14    27.0        3        27.0           17
33 영광군     0.0        3    30.0        4     0.0        3        30.0           10
34 영양군     0.0        0     0.0        2     0.0        1         0.0            3
35 인제군     0.0        3     0.0       11     0.0        5         0.0           19
36 공주시    60.0        4    66.0        1   150.0        6       276.0           11
37 성주군   160.0        3   138.0        0   123.0        3       421.0            6
38 영덕군   250.0        4   118.0        4     0.0        4       368.0           12
39 울릉군   272.5        4   296.0        2   134.0        2       702.5            8
40 고령군     0.0        0     0.0        0     0.0        0         0.0            0
41 곡성군     0.0        0     0.0        0     0.0        0         0.0            0
42 괴산군     0.0        2     0.0        1    35.0        6        35.0            9
43 나주시     0.0        3     0.0        0     0.0        1         0.0            4
44 남원시     0.0        1   270.0        7   109.0        2       379.0           10
45 남해군     0.0        9    38.0        7    50.0        1        88.0           17
46 단양군     0.0        4     0.0        3     0.0        3         0.0           10
47 보은군     0.0        1     0.0        5     0.0        5         0.0           11
48 삼척시     0.0        3     0.0        3     0.0        5         0.0           11
49 서천군     0.0        1   205.0        3   492.0        6       697.0           10
50 신안군     0.0        5     0.0        0    68.0        1        68.0            6
51 안동시     0.0        4     0.0       10    32.0        5        32.0           19
52 영암군     0.0        0     0.0       30     0.0        3         0.0           33
53 영천시     0.0        0     0.0        1     0.0        2         0.0            3
54 옥천군     0.0        6     0.0        7    25.0        4        25.0           17
55 의령군     0.0        6     0.0        4     0.0        1         0.0           11
56 임실군     0.0        2     0.0        3   549.0        4       549.0            9
57 장성군     0.0        3     0.0       18     0.0        2         0.0           23
58 정읍시     0.0        1    55.0        2     0.0        4        55.0            7
59 진안군     0.0        1     0.0        5   300.0       12       300.0           18
60 창녕군     0.0        0     0.0        0   210.0        2       210.0            2
61 합천군     0.0        1     0.0        3     0.0        0         0.0            4
62 보성군     4.0        5     0.0        0     0.0        6         4.0           11
63 홍성군    10.0        1   193.3        6   395.0        2       598.3            9
64 철원군    14.0        0    44.0        2     0.0        1        58.0            3
65 연천군    34.8        3   317.0        1    91.0        1       442.8            5
66 화순군   150.0        3     0.0        0     0.0        1       150.0            4
67 의성군   151.0       12   403.0       10   269.0        3       823.0           25
68 태백시   202.0        1   195.0        4    87.0        1       484.0            6
69 거창군   220.0       12   220.0       22     0.0       13       440.0           47
70 강화군   463.0        7     0.0        0   342.0        0       805.0            7
## 시군 이름의 가나다 순으로 정리하기 위하여 시군명의 order를 파악.
> County.ord<-order(RnD$County)
## 시군명의 가나다 순으로 데이터 정리
> RnD<-RnD[County.ord,]
> RnD
   County Input08 Output08 Input09 Output09 Input10 Output10 Input.total Output.total
15 강진군    60.0       14    72.0       15    40.0        7       172.0           36
70 강화군   463.0        7     0.0        0   342.0        0       805.0            7
69 거창군   220.0       12   220.0       22     0.0       13       440.0           47
40 고령군     0.0        0     0.0        0     0.0        0         0.0            0
7  고창군     0.0       25     0.0        8     0.0        0         0.0           33
19 고흥군     0.0       10     0.0        9     0.0        9         0.0           28
41 곡성군     0.0        0     0.0        0     0.0        0         0.0            0
36 공주시    60.0        4    66.0        1   150.0        6       276.0           11
42 괴산군     0.0        2     0.0        1    35.0        6        35.0            9
31 김제시     0.0        1     0.0        0     0.0        0         0.0            1
43 나주시     0.0        3     0.0        0     0.0        1         0.0            4
44 남원시     0.0        1   270.0        7   109.0        2       379.0           10
45 남해군     0.0        9    38.0        7    50.0        1        88.0           17
46 단양군     0.0        4     0.0        3     0.0        3         0.0           10
32 담양군     0.0        0     0.0       14    27.0        3        27.0           17
5  무안군    29.2       20   418.0       18   708.0        4      1155.2           42
4  문경시     0.0        6     0.0        8     0.0        8         0.0           22
62 보성군     4.0        5     0.0        0     0.0        6         4.0           11
47 보은군     0.0        1     0.0        5     0.0        5         0.0           11
30 봉화군   120.0       10   184.0        5    66.0        3       370.0           18
6  부안군    50.0       20     0.0       14   400.0        2       450.0           36
25 부여군     0.0       11     0.0        8     0.0        3         0.0           22
16 산청군   113.8       16     0.0       24     0.0        3       113.8           43
48 삼척시     0.0        3     0.0        3     0.0        5         0.0           11
1  상주시     0.0       11     0.0       18    45.0        9        45.0           38
49 서천군     0.0        1   205.0        3   492.0        6       697.0           10
37 성주군   160.0        3   138.0        0   123.0        3       421.0            6
21 순창군    42.0        4   187.0       11   100.0        2       329.0           17
50 신안군     0.0        5     0.0        0    68.0        1        68.0            6
51 안동시     0.0        4     0.0       10    32.0        5        32.0           19
26 양구군     0.0        4     0.0        3     0.0        3         0.0           10
10 양양군    56.0       10   250.0        7   235.0        4       541.0           21
65 연천군    34.8        3   317.0        1    91.0        1       442.8            5
33 영광군     0.0        3    30.0        4     0.0        3        30.0           10
38 영덕군   250.0        4   118.0        4     0.0        4       368.0           12
2  영동군     0.0       17     0.0       18     0.0       13         0.0           48
52 영암군     0.0        0     0.0       30     0.0        3         0.0           33
34 영양군     0.0        0     0.0        2     0.0        1         0.0            3
20 영월군     0.0        7     0.0       27     0.0       21         0.0           55
53 영천시     0.0        0     0.0        1     0.0        2         0.0            3
23 예산군   224.2        9   250.0       12    20.0        9       494.2           30
54 옥천군     0.0        6     0.0        7    25.0        4        25.0           17
39 울릉군   272.5        4   296.0        2   134.0        2       702.5            8
55 의령군     0.0        6     0.0        4     0.0        1         0.0           11
67 의성군   151.0       12   403.0       10   269.0        3       823.0           25
35 인제군     0.0        3     0.0       11     0.0        5         0.0           19
56 임실군     0.0        2     0.0        3   549.0        4       549.0            9
57 장성군     0.0        3     0.0       18     0.0        2         0.0           23
18 장수군    16.0       10   578.0       15  1533.0        4      2127.0           29
17 장흥군   137.0       17  1283.0       14   426.0        5      1846.0           36
58 정읍시     0.0        1    55.0        2     0.0        4        55.0            7
13 제천시   362.0       10   326.0       15   304.0        0       992.0           25
14 증평군     0.0        8   143.0       20    80.8        6       223.8           34
12 진도군   280.0       10   439.0       14   308.0       11      1027.0           35
59 진안군     0.0        1     0.0        5   300.0       12       300.0           18
60 창녕군     0.0        0     0.0        0   210.0        2       210.0            2
64 철원군    14.0        0    44.0        2     0.0        1        58.0            3
29 청도군   108.0        4   130.0        9    17.0        7       255.0           20
8  청양군     0.0       11   174.0       13   300.0        1       474.0           25
68 태백시   202.0        1   195.0        4    87.0        1       484.0            6
9  평창군     0.0        5     0.0        6     0.0        4         0.0           15
3  하동군   200.0       14   100.0       26   100.0       11       400.0           51
11 함안군   200.0        2   303.0        3   128.0        8       631.0           13
22 함양군   118.5        7   102.0        7     0.0        6       220.5           20
27 함평군     0.0        6     0.0        2     0.0        2         0.0           10
61 합천군     0.0        1     0.0        3     0.0        0         0.0            4
63 홍성군    10.0        1   193.3        6   395.0        2       598.3            9
66 화순군   150.0        3     0.0        0     0.0        1       150.0            4
28 화천군     0.0        6     0.0        4     0.0        4         0.0           14
24 횡성군     0.0        6    30.0        7    21.0       15        51.0           28
> str(RnD)
'data.frame':	70 obs. of  9 variables:
 $ County      : Factor w/ 70 levels "강진군","강화군",..: 1 2 3 4 5 6 7 8 9 10 ...
 $ Input08     : num  60 463 220 0 0 0 0 60 0 0 ...
 $ Output08    : int  14 7 12 0 25 10 0 4 2 1 ...
 $ Input09     : num  72 0 220 0 0 0 0 66 0 0 ...
 $ Output09    : int  15 0 22 0 8 9 0 1 1 0 ...
 $ Input10     : num  40 342 0 0 0 0 0 150 35 0 ...
 $ Output10    : int  7 0 13 0 0 9 0 6 6 0 ...
 $ Input.total : num  172 805 440 0 0 0 0 276 35 0 ...
 $ Output.total: int  36 7 47 0 33 28 0 11 9 1 ...
> ls()
 [1] "budget"              "budget.bak"          "budget.item"         "budget.old"          "County.ord"          "incentive"           "incentive.raw"       "n.budget"           
 [9] "results.3"           "results.4"           "results.5"           "results.6"           "results.7"           "RnD"                 "RnD.bak"             "sales.total.ordered"
## R&D집행액이 없는 시군 규모 파악
> stem(RnD$Input08)

  The decimal point is 2 digit(s) to the right of the |

  0 | 000000000000000000000000000000000000000000112334
  0 | 5666
  1 | 11224
  1 | 556
  2 | 00022
  2 | 578
  3 | 
  3 | 6
  4 | 
  4 | 6
## 집행액이 없는 시군은 총 41개
> table(RnD$Input08)

    0     4    10    14    16  29.2  34.8    42    50    56    60   108 113.8 118.5   120   137   150   151   160   200   202   220 224.2   250 272.5   280   362   463 
   41     1     1     1     1     1     1     1     1     1     2     1     1     1     1     1     1     1     1     2     1     1     1     1     1     1     1     1 
## 이렇게해도 됨.
> sum(RnD$Input08==0)
[1] 41
## plot source는 RnD_plots.r에
> source("RnD_plots.r")
## 장흥군의 인덱스 파악
> which(RnD$County=="장흥군")
[1] 50
## 2009년 강화 연구개발 예산집행액에 차이 발견. 어떻게 하면 좋을꼬?
> data.frame(budget[,c("RD08","RD09","RD10")],RnD[,c(2,4,6)])
        RD08   RD09   RD10 Input08 Input09 Input10
강진군  60.0   72.0   40.0    60.0    72.0    40.0
강화군 463.0  569.0  342.0   463.0     0.0   342.0
거창군 220.0  220.0    0.0   220.0   220.0     0.0
고령군   0.0    0.0    0.0     0.0     0.0     0.0
고창군   0.0    0.0    0.0     0.0     0.0     0.0
고흥군   0.0    0.0    0.0     0.0     0.0     0.0
곡성군   0.0    0.0    0.0     0.0     0.0     0.0
공주시  60.0   66.0  150.0    60.0    66.0   150.0
괴산군   0.0    0.0   35.0     0.0     0.0    35.0
김제시   0.0    0.0    0.0     0.0     0.0     0.0
나주시   0.0    0.0    0.0     0.0     0.0     0.0
남원시   0.0  270.0  109.0     0.0   270.0   109.0
남해군   0.0   38.0   50.0     0.0    38.0    50.0
단양군   0.0    0.0    0.0     0.0     0.0     0.0
담양군   0.0    0.0   27.0     0.0     0.0    27.0
무안군  29.2  418.0  708.0    29.2   418.0   708.0
문경시   0.0    0.0    0.0     0.0     0.0     0.0
보성군   4.0    0.0    0.0     4.0     0.0     0.0
보은군   0.0    0.0    0.0     0.0     0.0     0.0
봉화군 120.0  184.0   66.0   120.0   184.0    66.0
부안군  50.0    0.0  400.0    50.0     0.0   400.0
부여군   0.0    0.0    0.0     0.0     0.0     0.0
산청군 113.8    0.0    0.0   113.8     0.0     0.0
삼척시   0.0    0.0    0.0     0.0     0.0     0.0
상주시   0.0    0.0   45.0     0.0     0.0    45.0
서천군   0.0  205.0  492.0     0.0   205.0   492.0
성주군 160.0  138.0  123.0   160.0   138.0   123.0
순창군  42.0  187.0  100.0    42.0   187.0   100.0
신안군   0.0    0.0   68.0     0.0     0.0    68.0
안동시   0.0    0.0   32.0     0.0     0.0    32.0
양구군   0.0    0.0    0.0     0.0     0.0     0.0
양양군  56.0  250.0  235.0    56.0   250.0   235.0
연천군  34.8  317.0   91.0    34.8   317.0    91.0
영광군   0.0   30.0    0.0     0.0    30.0     0.0
영덕군 250.0  118.0   10.0   250.0   118.0     0.0
영동군   0.0    0.0    0.0     0.0     0.0     0.0
영암군   0.0    0.0    0.0     0.0     0.0     0.0
영양군   0.0    0.0    0.0     0.0     0.0     0.0
영월군   0.0    0.0    0.0     0.0     0.0     0.0
영천시   0.0    0.0    0.0     0.0     0.0     0.0
예산군 224.2  250.0   20.0   224.2   250.0    20.0
옥천군   0.0    0.0   25.0     0.0     0.0    25.0
울릉군 272.5  296.0  134.0   272.5   296.0   134.0
의령군   0.0    0.0    0.0     0.0     0.0     0.0
의성군 151.0  403.0  269.0   151.0   403.0   269.0
인제군   0.0    0.0    0.0     0.0     0.0     0.0
임실군   0.0    0.0  549.0     0.0     0.0   549.0
장성군   0.0    0.0    0.0     0.0     0.0     0.0
장수군  16.0  578.0 1533.0    16.0   578.0  1533.0
장흥군 137.0 1283.0  426.0   137.0  1283.0   426.0
정읍시   0.0   55.0    0.0     0.0    55.0     0.0
제천시 362.0  326.0  304.0   362.0   326.0   304.0
증평군   0.0  143.0   80.8     0.0   143.0    80.8
진도군 280.0  439.0  308.0   280.0   439.0   308.0
진안군   0.0    0.0  300.0     0.0     0.0   300.0
창녕군   0.0    0.0  210.0     0.0     0.0   210.0
철원군  14.0   44.0    0.0    14.0    44.0     0.0
청도군 108.0  130.0   17.0   108.0   130.0    17.0
청양군   0.0  174.0  300.0     0.0   174.0   300.0
태백시 202.0  195.0   87.0   202.0   195.0    87.0
평창군   0.0    0.0    0.0     0.0     0.0     0.0
하동군 200.0  100.0  100.0   200.0   100.0   100.0
함안군 200.0  303.0  128.0   200.0   303.0   128.0
함양군 118.5  102.0    0.0   118.5   102.0     0.0
함평군   0.0    0.0    0.0     0.0     0.0     0.0
합천군   0.0    0.0    0.0     0.0     0.0     0.0
홍성군  10.0  193.3  395.0    10.0   193.3   395.0
화순군 150.0  129.0    0.0   150.0     0.0     0.0
화천군   0.0    0.0    0.0     0.0     0.0     0.0
횡성군   0.0   30.0   21.0     0.0    30.0    21.0
## 실적의 변화
> RnD[,c(3,5,7)]
   Output08 Output09 Output10
15       14       15        7
70        7        0        0
69       12       22       13
40        0        0        0
7        25        8        0
19       10        9        9
41        0        0        0
36        4        1        6
42        2        1        6
31        1        0        0
43        3        0        1
44        1        7        2
45        9        7        1
46        4        3        3
32        0       14        3
5        20       18        4
4         6        8        8
62        5        0        6
47        1        5        5
30       10        5        3
6        20       14        2
25       11        8        3
16       16       24        3
48        3        3        5
1        11       18        9
49        1        3        6
37        3        0        3
21        4       11        2
50        5        0        1
51        4       10        5
26        4        3        3
10       10        7        4
65        3        1        1
33        3        4        3
38        4        4        4
2        17       18       13
52        0       30        3
34        0        2        1
20        7       27       21
53        0        1        2
23        9       12        9
54        6        7        4
39        4        2        2
55        6        4        1
67       12       10        3
35        3       11        5
56        2        3        4
57        3       18        2
18       10       15        4
17       17       14        5
58        1        2        4
13       10       15        0
14        8       20        6
12       10       14       11
59        1        5       12
60        0        0        2
64        0        2        1
29        4        9        7
8        11       13        1
68        1        4        1
9         5        6        4
3        14       26       11
11        2        3        8
22        7        7        6
27        6        2        2
61        1        3        0
63        1        6        2
66        3        0        1
28        6        4        4
24        6        7       15
>
## Boxplot의 활용. 
## 특허 등 성과의 연도별 추이
> boxplot(RnD[,c(3,5,7)],names=c("2008","2009","2010"), main="Achievements Each Year")
## 연도별 집행액은 0가 많으므로 lattice의 histogram으로 처리. strip=strip.custom()함수 활용
> histogram(~Input08+Input09+Input10,data=RnD, layout=c(1,3), xlab="Budget spent", strip=strip.custom(factor.levels=c("2008","2009","2010")))
